0 24 65 5 24 13 18 16 13 9 11 5 0 28 48 6 10 18 21 9 28 15 19 1 6 0
0 26 46 11 20 16 21 7 18 17 21 9 1 22 50 3 8 13 27 13 13 11 18 5 4 1
1 14 44 2 14 12 16 11 17 9 26 8 2 38 69 1 10 10 19 22 21 18 13 15 5 0
1 22 62 8 28 15 22 15 19 10 12 10 5 21 48 7 15 17 22 11 29 13 24 9 3 1
1 28 64 12 20 23 36 19 23 18 19 10 3 35 75 4 20 13 27 24 22 14 19 10 7 1
1 21 48 11 28 7 11 3 17 12 13 9 2 26 57 5 17 17 20 15 27 19 14 6 1 0
1 25 58 8 25 18 24 11 23 11 14 10 1 24 52 6 17 29 40 10 26 17 16 7 4 0
0 28 70 8 30 10 15 10 21 13 12 14 1 29 58 2 13 17 29 18 34 9 25 4 1 0
-1 25 53 9 19 8 12 3 18 15 15 8 2 26 50 9 15 12 18 6 26 20 16 8 2 0
-1 28 63 5 20 13 20 15 12 13 6 10 3 29 50 4 14 6 9 10 25 19 17 4 7 1
-1 21 48 6 18 33 41 5 25 13 20 12 2 27 65 9 29 14 29 23 27 18 22 5 3 1
1 30 75 7 29 11 20 23 21 18 14 17 2 28 60 5 21 11 21 17 26 15 24 9 7 1
1 27 55 9 24 15 22 7 16 17 10 10 8 30 61 8 18 8 10 8 19 19 15 5 1 1
1 31 60 11 25 15 25 16 27 24 14 11 6 23 54 3 17 15 22 9 19 19 14 8 4 1
-1 23 64 6 21 11 12 11 19 8 11 11 1 24 50 1 15 8 13 11 30 9 23 4 7 1
-1 23 49 6 18 21 28 12 23 13 10 3 0 21 50 5 18 10 16 9 15 10 11 5 2 1
1 22 57 9 26 21 25 8 17 14 19 9 1 45 77 6 18 14 19 18 27 20 14 11 4 0
-1 25 71 8 32 12 17 15 16 14 9 10 2 26 56 2 12 23 31 17 34 14 20 7 4 0
-1 23 53 10 27 12 15 12 16 16 19 4 1 25 49 6 13 24 29 11 20 15 14 12 2 0
1 26 59 6 21 10 15 4 17 11 8 13 3 27 58 8 18 10 13 10 28 15 18 6 0 0
-1 24 67 8 26 24 29 22 18 11 13 8 2 27 55 6 15 16 24 12 22 16 15 5 5 1
-1 21 50 6 20 10 20 15 12 12 14 9 4 29 51 15 23 11 13 11 16 21 13 8 2 0
-1 30 80 7 36 11 18 17 17 17 11 13 4 30 57 8 22 18 32 12 33 18 23 7 5 0
1 21 52 8 29 12 18 9 5 15 9 9 0 32 46 12 17 5 5 9 26 25 21 5 2 0
1 26 58 7 25 5 8 9 15 14 12 7 1 29 46 8 18 17 22 5 24 20 14 8 5 0
1 14 48 3 26 17 22 10 24 5 17 4 5 26 57 9 21 16 24 11 26 18 10 6 4 0
-1 18 56 6 21 13 22 19 14 8 15 3 5 38 64 11 21 9 16 16 22 21 11 8 3 0
0 26 61 2 12 13 25 12 28 13 18 17 0 21 55 9 25 9 18 11 28 12 26 6 2 1
1 21 63 5 27 4 10 11 12 5 5 6 5 24 52 2 13 13 16 16 34 15 16 0 0 0
-1 17 60 6 21 12 21 24 17 8 20 8 0 26 57 4 12 13 18 16 24 14 16 12 14 0
-1 23 51 8 21 14 18 13 20 15 18 8 3 26 54 6 16 12 18 13 17 12 17 11 2 0
1 20 62 4 23 12 18 25 18 12 11 9 1 21 48 5 11 14 21 12 21 18 15 7 3 0
1 28 73 10 33 11 17 13 25 18 17 14 4 31 63 4 12 18 28 13 35 20 22 9 6 0
1 20 59 4 21 10 16 12 16 11 19 13 2 30 56 4 14 18 26 12 29 22 19 8 3 0
1 25 67 8 28 7 17 22 15 12 15 6 3 26 46 0 5 22 30 10 26 17 13 3 6 0
0 21 61 2 20 23 35 17 22 13 12 13 2 21 55 3 14 4 17 17 29 9 21 2 0 1
0 29 72 7 26 20 29 21 22 11 12 6 2 32 67 8 17 15 21 15 24 16 17 3 5 0
1 24 64 6 28 13 19 12 18 14 12 11 1 29 54 10 24 15 20 10 31 19 18 6 2 0
0 25 55 8 20 20 24 13 21 16 15 6 2 27 60 4 14 14 26 19 18 14 13 3 5 1
1 24 56 7 22 11 20 12 22 13 9 10 2 17 45 5 18 16 19 6 24 10 17 7 3 1
-1 19 72 1 22 6 12 27 14 4 10 11 2 27 48 4 16 5 7 8 28 17 18 4 3 0
1 30 80 6 28 19 33 23 26 17 16 10 6 25 55 7 16 31 42 9 35 17 23 8 5 0
-1 29 61 5 16 14 21 16 22 9 8 7 1 21 46 5 15 13 22 9 19 9 19 4 4 1
1 28 53 4 14 23 33 13 18 18 13 9 7 27 59 7 17 15 18 14 14 12 13 5 1 1
1 29 61 11 25 8 12 17 17 18 8 10 4 22 47 7 12 6 9 8 14 17 17 4 2 1
1 24 72 6 24 12 23 21 22 18 19 9 4 25 56 2 11 26 32 10 33 12 17 12 7 0
1 21 51 8 24 12 14 10 22 7 14 6 3 27 56 6 13 13 22 14 20 17 14 7 2 0
1 23 66 3 16 17 21 22 9 17 14 16 3 28 48 13 24 16 21 12 22 20 22 7 2 0
1 28 51 7 18 11 22 10 21 17 16 13 4 18 47 4 13 24 30 11 15 14 19 10 0 1
1 20 56 7 20 12 20 18 18 12 14 11 0 20 45 8 26 8 12 7 21 11 19 9 2 1
-1 27 68 10 32 4 9 16 16 12 10 11 5 26 57 5 16 9 13 13 22 14 18 6 5 1
1 20 50 5 20 27 38 11 24 9 16 9 6 24 54 7 17 21 32 11 24 14 18 6 2 0
1 24 60 8 25 10 12 15 14 14 14 14 6 26 48 6 15 17 19 9 22 15 18 7 2 0
-1 26 67 9 30 10 15 12 22 17 13 8 4 29 60 6 18 11 20 14 31 17 18 5 2 0
1 36 77 9 25 6 7 20 26 25 12 18 3 18 58 2 14 13 18 17 22 7 21 6 2 1
1 26 46 6 17 14 19 7 18 19 15 4 7 24 67 5 25 14 18 23 15 7 12 4 3 1
1 18 58 4 18 21 34 18 20 8 19 6 2 31 58 4 17 30 37 12 30 14 13 10 4 0
1 25 61 8 24 4 9 9 23 12 18 11 1 29 51 7 15 9 22 9 30 22 23 11 3 0
1 28 62 4 20 20 32 16 30 17 20 8 2 31 60 8 24 4 17 8 26 18 17 12 5 1
-1 19 51 5 16 10 22 16 16 8 14 7 4 24 54 9 15 24 32 17 24 15 13 8 1 0
1 26 67 7 21 15 20 15 18 12 19 16 5 28 55 3 10 24 35 17 28 13 25 9 6 0
-1 26 63 8 24 19 33 16 20 19 17 10 3 31 60 5 18 19 30 16 28 12 20 5 4 0
1 20 64 13 36 19 27 16 24 15 20 7 6 23 51 4 15 27 43 12 33 11 24 7 3 0
1 27 58 10 26 14 20 16 18 14 27 10 3 30 69 7 19 15 23 26 16 17 24 14 0 0
1 21 55 4 22 8 12 15 10 10 16 10 2 23 42 5 14 15 18 11 22 14 23 5 1 0
1 15 50 6 23 19 28 11 24 8 22 8 4 26 63 9 23 17 21 15 31 21 16 14 6 0
0 20 49 6 23 20 25 6 22 12 21 7 3 33 60 7 18 10 18 11 26 17 19 9 5 0
0 20 56 12 31 16 19 11 17 11 19 6 3 28 51 7 16 21 27 8 26 15 18 5 3 0
-1 29 82 5 22 12 22 27 28 8 15 10 4 31 70 5 14 10 16 16 30 13 19 9 6 0
-1 20 55 7 22 9 14 11 13 12 19 13 4 29 51 9 15 6 11 11 24 23 24 12 1 0
1 27 60 9 25 17 25 16 26 11 12 10 3 21 55 2 10 15 29 12 19 8 16 7 3 1
1 16 57 2 20 20 31 11 24 6 24 14 6 21 52 5 18 19 36 14 33 9 27 12 3 0
1 26 57 14 30 7 10 7 18 18 20 8 7 32 63 5 14 16 23 15 21 24 17 13 2 0
1 34 62 12 24 1 4 13 20 22 19 10 4 30 60 12 28 7 14 15 18 22 18 13 3 1
1 23 56 10 26 23 35 15 21 12 18 6 6 27 57 5 19 13 25 16 26 11 24 9 3 1
1 27 51 4 13 21 29 7 19 12 13 12 7 31 67 11 20 4 7 20 21 19 19 9 1 1
1 24 59 9 31 8 9 11 13 15 20 13 1 25 54 4 19 17 24 18 23 17 26 8 3 0
1 23 57 10 23 10 18 15 15 11 16 6 2 23 49 5 20 21 31 16 22 12 16 11 3 0
1 20 55 4 24 11 20 16 13 12 20 9 8 26 49 7 15 16 23 13 23 20 21 11 5 0
-1 20 55 7 26 16 26 16 21 11 13 8 4 28 63 6 20 15 20 16 24 16 12 9 4 0
1 28 60 6 15 13 16 16 20 6 12 4 3 25 54 5 16 12 19 12 19 11 14 4 1 1
1 26 60 7 21 16 23 17 20 16 18 12 4 20 59 3 18 17 19 19 17 5 20 6 5 1
-1 23 51 6 20 11 18 8 17 6 12 13 2 23 52 4 14 4 9 12 21 13 18 4 1 1
1 29 67 6 22 15 23 15 21 11 14 10 2 27 55 4 13 26 37 13 26 16 19 5 3 0
-1 27 71 3 22 8 15 20 28 14 20 13 6 23 62 1 15 14 20 13 26 17 18 9 4 1
1 31 57 16 28 7 10 6 18 25 10 7 8 23 51 4 9 13 22 12 21 11 16 4 1 1
-1 16 60 5 29 10 15 19 15 10 16 10 3 26 47 5 16 3 6 8 28 14 23 7 1 0
1 25 63 10 23 9 12 9 18 16 16 12 1 22 48 9 26 29 36 11 29 13 18 8 0 0
-1 22 50 4 14 6 9 13 20 8 20 8 2 18 46 4 16 10 16 10 15 8 20 6 4 1
1 23 63 7 21 11 13 16 17 13 8 11 1 15 44 1 10 18 21 12 25 5 19 2 2 1
1 25 53 6 16 10 15 9 24 14 12 7 5 25 54 5 10 9 18 10 15 14 10 7 4 1
1 24 60 9 26 1 2 14 21 9 20 7 4 23 56 5 16 12 22 17 22 7 17 15 2 0
1 18 44 4 12 9 15 6 22 7 23 8 4 18 48 0 3 17 26 14 25 10 20 12 2 0
-1 23 57 11 26 5 9 20 17 13 19 2 1 27 51 6 13 16 22 9 16 13 9 10 2 0
1 20 65 6 25 6 8 13 17 9 10 8 4 25 47 5 17 17 25 9 33 19 15 7 7 0
1 21 52 9 22 16 20 11 16 13 15 10 7 26 51 6 11 19 26 14 22 20 18 8 1 0
1 17 55 1 11 9 15 13 16 5 14 12 5 24 57 5 14 13 20 18 26 14 20 7 4 0
1 22 51 2 11 15 19 10 16 10 9 4 6 33 67 2 13 14 21 22 21 19 7 6 5 0
-1 21 57 5 20 5 8 14 23 8 17 8 3 25 57 6 20 13 16 12 25 15 13 8 5 0
1 24 65 9 32 13 21 17 20 13 8 5 2 23 45 7 15 16 30 7 24 15 14 4 1 1
1 24 50 10 23 8 14 10 15 12 15 4 3 27 48 4 15 17 23 9 17 16 11 8 2 0
1 29 60 10 19 10 10 7 16 12 10 3 3 30 51 10 18 20 31 8 23 27 10 7 1 0
1 27 60 9 19 12 17 12 17 11 11 8 5 33 70 6 20 16 20 20 23 11 10 7 2 0
-1 15 52 5 20 9 21 13 17 9 24 6 4 29 57 12 22 17 24 13 32 19 14 12 5 0
-1 23 53 8 19 2 5 10 16 14 15 6 5 26 53 9 24 14 18 14 22 13 12 9 1 0
1 25 52 9 20 10 15 4 21 11 14 9 5 25 55 7 16 8 19 10 24 15 16 6 3 1
-1 22 53 3 19 9 12 14 16 10 18 8 0 19 41 1 11 20 22 6 18 6 16 11 4 0
1 16 63 4 26 3 6 18 25 10 13 5 3 25 56 7 17 2 11 9 30 11 9 5 4 0
1 20 52 8 23 9 17 10 15 13 9 11 1 22 43 3 8 14 19 8 19 15 14 6 4 0
-1 14 49 3 19 8 12 13 17 7 15 11 1 20 45 7 23 7 11 9 23 13 15 6 5 0
-1 18 70 4 27 4 9 16 17 8 6 7 3 21 48 5 13 14 24 15 39 14 20 2 2 0
1 15 57 7 30 9 15 14 17 8 21 8 2 30 61 5 17 16 19 15 32 12 16 12 2 0
1 17 56 6 26 11 19 9 14 8 10 8 5 24 44 8 12 24 33 9 28 18 16 7 9 0
1 26 61 7 19 7 12 12 18 9 9 6 2 29 50 10 20 8 13 8 26 20 16 6 6 0
1 24 67 9 28 5 8 11 20 13 7 6 1 27 59 6 17 20 33 20 33 19 12 2 3 0
0 24 61 6 23 13 19 20 14 15 15 7 2 27 56 6 15 13 16 17 23 15 20 9 1 0
0 27 62 7 23 24 27 14 33 16 17 7 5 26 62 4 20 12 22 10 22 13 16 11 3 1
-1 28 75 12 39 2 8 16 26 14 10 6 4 25 57 8 25 17 32 12 32 17 14 3 1 0
1 35 55 19 25 8 10 9 22 30 17 4 3 34 66 11 26 12 14 9 12 19 11 3 2 1
1 19 64 5 29 8 18 19 26 9 13 9 1 20 57 9 21 8 18 16 32 14 14 6 2 0
1 26 55 6 14 6 11 9 20 14 19 6 2 24 63 3 17 21 27 20 22 12 13 7 0 0
1 20 59 9 25 6 11 11 20 12 12 5 3 30 57 9 18 11 18 11 30 21 8 3 1 0
1 26 64 6 16 21 28 18 27 13 11 6 5 26 63 2 11 12 22 13 23 5 12 4 3 1
1 25 54 6 15 4 7 6 22 13 17 6 2 22 47 4 17 18 26 8 25 15 14 7 1 0
1 17 60 4 23 14 22 15 17 11 20 11 5 39 71 8 13 5 12 21 34 16 17 12 3 0
-1 16 52 4 25 10 17 13 22 10 20 10 4 25 60 3 17 10 13 14 28 15 14 14 2 0
-1 17 47 6 26 13 15 7 19 12 19 7 6 23 46 5 16 12 18 9 21 18 20 10 3 0
1 22 62 3 17 24 32 20 24 11 10 9 6 22 59 9 21 7 11 15 24 14 16 2 4 1
1 24 85 12 29 2 4 27 24 19 12 11 2 27 58 8 20 4 14 12 35 21 17 8 8 0
-1 26 45 12 22 5 10 9 25 21 24 5 4 24 61 6 16 14 27 19 14 15 10 13 1 1
-1 25 47 8 19 17 24 7 26 15 19 6 5 22 60 7 22 8 12 11 20 12 16 11 1 1
-1 30 57 5 21 6 8 7 21 17 10 8 2 25 56 8 20 11 14 12 21 14 16 5 2 1
1 26 57 8 23 17 24 16 17 13 16 8 4 28 55 8 18 6 10 12 19 19 22 6 3 1
1 24 47 7 17 18 24 7 35 17 19 6 6 25 68 11 31 1 3 8 17 13 10 8 2 1
1 24 66 3 20 15 20 25 19 3 9 7 3 21 53 7 26 14 17 15 20 6 14 6 2 1
-1 24 61 9 29 7 17 17 19 12 12 9 3 26 58 5 11 11 13 14 27 10 13 7 3 0
1 17 53 4 24 7 9 14 28 6 20 3 5 26 66 6 18 8 12 15 24 13 7 13 4 0
1 23 44 7 18 11 20 8 15 11 13 5 6 25 46 6 11 15 18 9 19 20 10 7 2 0
-1 21 56 8 21 17 24 14 22 8 10 5 1 29 63 6 15 11 20 18 23 15 8 7 6 0
-1 22 52 5 10 11 15 10 15 9 13 6 5 22 52 7 24 15 19 17 21 16 16 5 2 0
1 22 60 5 16 17 20 15 20 7 12 4 3 28 61 7 22 11 14 15 25 17 13 5 3 0
1 12 50 2 18 16 18 15 20 7 23 6 3 26 57 11 26 11 18 15 23 18 14 14 4 0
0 28 65 11 27 5 8 14 17 14 7 5 5 25 57 6 22 13 15 16 24 17 13 4 2 1
0 20 49 8 21 16 24 11 20 8 17 4 2 26 54 3 14 14 19 11 21 11 15 9 2 0
1 28 60 10 23 14 20 14 20 16 17 8 4 21 60 4 14 17 21 18 20 9 19 6 3 1
-1 20 52 7 24 22 28 8 31 12 12 3 3 28 63 6 20 11 16 9 28 20 9 7 1 0
1 19 50 6 16 15 21 10 24 6 17 9 0 26 55 6 15 16 24 10 23 11 15 13 5 0
-1 22 57 6 19 16 21 9 22 7 10 6 5 28 57 7 13 11 20 13 28 15 12 6 2 0
1 20 58 3 13 8 16 12 17 8 14 4 3 33 60 10 19 15 20 12 31 21 10 6 6 0
1 21 52 4 14 11 19 12 18 10 14 9 3 29 56 9 24 8 9 9 23 25 14 9 2 0
1 31 64 5 20 9 21 8 35 16 16 10 5 31 72 9 26 6 13 9 34 18 15 3 0 0
1 22 66 7 21 9 15 13 25 12 13 3 5 32 68 9 23 14 26 19 34 21 12 8 6 0
1 22 60 9 23 20 31 16 22 14 10 3 3 37 76 11 27 14 17 19 27 18 7 5 1 0
1 26 67 7 19 4 6 14 14 19 8 2 4 33 57 6 15 8 9 9 29 22 11 3 10 0
1 20 54 3 18 12 16 14 24 9 16 2 5 24 52 4 11 16 32 12 22 13 10 10 5 0
1 28 55 7 18 15 24 8 24 14 15 11 4 28 61 6 22 9 15 13 24 15 19 6 5 1
-1 29 57 7 19 4 8 11 17 14 13 3 5 33 63 6 14 8 14 14 20 13 7 7 5 0
1 16 45 1 11 19 29 14 28 8 20 2 5 24 63 3 18 14 22 17 21 16 9 6 6 0
-1 29 57 10 24 13 20 15 21 16 14 8 2 26 59 5 16 13 17 15 15 14 15 4 2 1
-1 25 56 8 23 5 8 13 21 16 12 5 6 27 59 1 13 7 10 13 21 10 10 4 4 1
-1 23 57 1 15 9 14 15 10 10 15 5 3 25 46 8 17 13 16 10 22 17 17 7 6 0
-1 20 56 6 22 13 19 10 19 7 16 5 5 31 63 7 16 18 26 17 28 17 12 10 3 0
-1 28 51 4 16 10 15 7 22 11 11 6 6 28 59 8 19 14 24 15 21 18 8 8 1 0
1 21 50 4 17 16 29 10 18 6 14 2 1 38 61 4 13 13 25 13 26 11 8 7 2 0
1 21 56 2 18 10 15 12 28 7 13 6 6 21 60 9 27 8 15 15 26 14 13 4 6 0
1 23 50 5 14 27 36 12 24 14 13 8 7 25 61 2 5 12 19 13 20 16 11 8 3 1
1 26 60 11 26 6 11 17 17 14 13 6 3 26 56 6 15 10 16 14 19 10 12 8 1 1
1 20 55 4 16 23 30 14 22 7 11 8 1 22 49 7 16 14 23 9 19 12 14 9 4 1
1 21 48 5 15 8 15 13 23 4 14 3 2 22 55 6 19 7 14 13 18 10 6 5 1 0
1 21 53 7 19 11 21 11 23 11 18 5 1 27 58 3 13 18 27 14 26 16 13 12 2 0
1 34 70 6 18 14 20 18 22 14 20 8 3 30 69 9 22 21 27 20 19 16 16 7 2 0
-1 21 59 9 25 16 24 13 24 10 12 0 5 30 65 8 18 14 17 14 30 20 7 6 0 0
-1 14 43 3 14 10 15 8 18 10 23 5 3 31 58 6 19 20 24 11 26 12 8 18 1 0
0 20 56 4 19 13 22 17 24 8 17 9 6 21 57 12 26 18 26 15 20 17 16 13 5 0
1 10 43 2 10 9 16 5 15 2 12 7 3 30 51 15 25 10 13 9 32 23 10 7 3 0
1 18 55 5 19 14 19 11 19 9 12 5 3 24 52 8 15 12 24 14 28 19 17 6 5 0
-1 25 56 8 24 7 10 8 29 18 18 9 1 21 55 8 25 9 15 9 25 15 15 10 2 1
-1 37 69 12 27 12 19 9 28 19 20 10 2 42 83 6 24 14 15 14 27 18 12 10 4 0
1 20 50 6 19 6 17 9 16 13 12 4 2 37 68 15 39 9 13 16 27 30 4 6 2 0
1 20 61 5 18 7 17 16 21 10 16 9 1 32 68 6 22 5 12 19 31 17 16 9 1 0
1 25 58 9 24 8 12 12 14 14 19 6 1 39 65 6 18 20 25 13 23 20 9 14 5 0
1 18 51 7 22 12 18 8 14 9 7 4 1 31 52 7 17 9 10 8 28 24 9 0 6 0
1 20 50 8 19 3 7 8 21 13 16 2 1 31 62 4 23 8 10 12 25 22 8 12 2 0
0 24 49 9 20 11 15 8 12 13 14 6 3 31 53 7 13 12 18 14 20 18 14 10 3 0
0 18 53 5 20 28 39 14 27 9 11 5 2 25 59 4 16 11 17 10 28 14 12 1 4 1
1 22 49 8 21 11 14 9 21 10 16 5 1 22 43 9 21 18 25 5 21 12 12 12 4 0
-1 24 55 5 21 9 15 7 23 15 10 5 4 24 51 10 21 8 14 9 28 18 13 4 3 0
-1 20 44 8 21 7 13 8 16 14 17 3 3 19 41 9 21 15 24 9 17 13 14 9 1 0
1 20 54 3 17 10 17 13 18 10 16 7 0 26 53 7 18 9 12 12 25 17 16 8 6 0
1 24 48 10 21 11 16 6 19 12 16 7 3 25 53 3 12 20 28 12 21 13 12 9 3 0
1 19 53 3 18 10 14 11 15 7 10 3 0 31 50 13 20 6 6 3 23 18 10 4 5 0
1 23 59 11 29 6 9 8 24 13 10 8 1 21 45 9 20 23 38 9 30 18 10 5 2 0
-1 16 39 1 10 17 30 7 18 5 17 7 0 23 51 5 14 15 24 14 24 10 16 12 4 0
-1 29 58 3 13 7 13 9 24 13 12 5 2 30 58 7 18 9 19 8 20 18 9 4 2 0
1 30 63 9 24 5 13 14 18 19 17 9 1 29 48 7 16 27 34 6 23 16 16 8 2 0
1 24 62 4 17 7 11 12 20 16 17 10 4 27 68 9 25 12 16 22 27 22 18 9 5 0
-1 21 37 11 19 6 13 7 11 12 17 4 3 24 47 3 10 13 18 14 12 11 13 12 0 0
-1 20 55 6 21 12 20 14 18 10 9 5 0 25 55 6 20 14 18 12 26 15 10 6 4 0
-1 18 56 6 16 15 18 19 12 5 14 9 0 24 43 5 14 8 12 10 19 14 16 11 5 0
-1 26 58 5 17 18 24 7 23 17 14 9 0 26 56 2 14 22 35 14 27 11 18 10 4 0
1 31 63 10 21 5 11 10 22 14 11 7 3 29 64 4 25 19 26 17 25 13 12 2 7 0
1 22 47 4 16 23 37 10 20 10 12 8 4 26 53 6 15 15 21 12 25 14 15 6 2 0
-1 17 58 3 15 13 17 13 15 9 13 3 4 34 56 11 20 11 14 7 28 26 9 3 5 0
-1 26 60 11 29 8 14 9 22 18 12 7 1 29 56 6 18 10 14 9 27 17 15 8 3 0
1 24 52 5 16 14 25 15 16 9 12 4 2 26 43 7 12 17 28 8 21 17 13 7 6 0
-1 25 63 5 19 12 18 13 18 11 10 6 2 24 53 5 14 12 21 15 24 12 19 4 3 1
1 23 45 4 12 21 31 10 19 10 18 7 1 30 57 7 25 18 21 8 16 19 10 10 3 0
0 20 48 2 14 16 23 9 24 8 20 5 2 23 50 5 15 16 23 8 22 12 17 8 5 0
0 18 50 8 17 19 27 9 19 11 11 8 0 22 44 6 17 19 31 7 26 11 14 5 6 0
-1 15 40 4 16 12 17 5 19 10 15 6 0 22 46 8 19 10 14 7 24 9 13 7 1 0
-1 18 54 3 24 12 16 10 12 9 8 12 0 21 41 2 7 21 31 14 29 7 23 3 4 0
1 23 61 4 14 13 17 19 19 13 15 10 6 23 52 5 16 14 20 11 21 17 16 7 3 0
-1 20 53 6 16 6 8 9 15 10 13 12 2 27 42 2 7 10 19 5 25 10 14 11 5 0
1 20 50 5 18 12 14 6 11 16 10 9 1 32 52 8 18 13 15 10 26 21 11 6 4 0
1 18 47 1 10 10 19 10 21 7 17 8 2 24 48 6 15 16 26 10 25 18 13 11 6 0
1 16 42 9 15 2 5 7 14 9 18 3 2 22 52 1 8 14 22 19 19 14 10 6 3 0
-1 19 50 5 20 16 24 13 20 12 14 6 0 20 43 7 19 21 27 5 23 10 12 8 1 0
-1 24 61 3 16 9 16 14 16 8 12 8 0 25 41 8 15 12 19 4 28 15 18 7 1 0
1 18 35 9 14 38 55 7 24 12 13 4 1 25 54 5 23 20 24 8 20 9 11 6 3 1
1 34 73 6 21 18 27 9 33 16 16 7 2 32 81 8 19 27 35 20 37 18 15 7 2 0
1 27 56 3 12 15 21 13 20 10 19 9 1 27 52 11 23 16 28 10 18 16 15 3 3 0
-1 20 48 4 18 10 24 7 16 11 9 6 1 26 52 5 13 9 16 12 29 17 13 3 3 0
-1 22 56 4 25 12 26 16 15 10 11 10 1 24 38 9 13 13 18 2 26 16 18 3 0 0
1 27 58 4 17 14 25 9 23 13 19 10 5 27 59 6 18 19 30 18 27 16 19 9 3 0
1 18 50 5 14 12 16 9 19 10 12 2 5 23 52 8 20 10 13 12 25 14 12 7 5 0
1 15 54 3 14 9 15 15 21 4 14 5 2 23 48 5 17 15 20 4 27 19 9 6 7 0
-1 22 53 5 12 3 7 10 22 9 16 3 4 21 51 2 13 16 23 11 22 9 12 6 2 0
1 27 59 5 10 16 20 13 27 10 9 2 3 25 57 9 19 9 16 10 21 12 9 3 2 1
1 23 55 9 23 15 22 9 22 12 12 10 2 26 49 10 21 17 21 3 28 16 14 6 4 0
1 23 62 8 22 13 15 7 17 15 9 6 1 26 45 1 9 26 38 8 32 20 14 3 5 0
-1 21 51 5 13 7 13 13 19 10 14 5 0 23 48 3 12 15 19 9 19 9 10 10 2 0
-1 19 60 5 23 12 20 13 20 8 16 10 0 24 49 4 8 18 29 12 29 11 19 8 2 0
1 31 67 9 19 6 8 10 20 15 14 9 2 27 50 12 17 25 32 7 27 18 15 6 5 0
1 14 56 4 18 17 27 19 24 4 18 9 0 22 50 4 17 19 34 13 26 8 12 12 3 0
-1 18 52 4 16 17 25 9 25 9 19 5 2 24 60 6 18 19 21 12 28 10 13 8 4 0
-1 19 48 4 19 18 24 10 24 10 23 7 3 22 49 7 17 17 22 5 23 10 16 11 2 0
-1 22 61 9 26 5 9 19 24 14 15 0 6 23 54 3 12 17 24 12 23 7 8 8 3 0
1 20 44 6 17 9 17 11 22 14 26 4 3 28 60 8 23 14 25 16 17 16 12 15 4 0
-1 29 62 5 11 10 20 9 21 10 15 13 3 29 62 2 15 9 16 16 32 7 22 8 8 1
-1 22 57 8 22 14 17 13 17 13 14 4 1 24 50 3 11 25 32 11 23 12 13 8 2 0
1 23 56 7 19 14 20 12 19 9 20 4 0 36 74 7 17 16 20 20 24 20 9 11 6 0
1 18 58 7 25 8 9 10 20 7 20 6 2 17 44 3 11 31 39 11 31 8 19 6 4 0
1 21 55 2 16 13 28 14 23 10 11 7 4 27 59 2 11 18 29 16 30 14 11 7 6 0
1 19 56 8 17 9 13 12 24 10 18 6 5 25 57 6 18 17 18 9 27 7 10 10 4 0
1 25 65 5 19 11 16 14 15 11 18 8 2 32 51 3 11 23 35 12 29 18 20 11 5 0
1 24 65 3 12 9 20 13 20 4 10 5 1 29 53 3 14 24 30 6 33 12 14 5 5 0
1 26 56 7 24 7 11 10 9 14 13 7 1 28 43 11 18 19 23 9 22 15 16 7 2 0
-1 20 50 3 15 12 14 11 19 13 19 9 2 26 47 7 14 12 19 7 20 10 16 13 1 0
1 19 44 9 21 21 25 8 25 14 14 7 4 22 56 6 23 8 17 15 20 10 12 9 4 1
1 16 37 4 12 10 17 3 25 9 20 1 4 28 62 11 27 16 25 14 21 18 2 10 5 0
1 28 51 7 15 20 26 6 24 11 20 9 2 27 64 5 19 29 38 17 20 12 13 6 2 0
1 20 42 5 11 24 37 5 16 5 9 7 0 22 40 7 13 31 38 6 23 7 11 3 2 0
-1 25 48 7 18 8 14 6 19 13 16 8 6 23 48 5 15 17 24 10 20 13 13 8 3 0
-1 19 53 5 13 19 32 15 21 10 14 3 3 30 56 3 10 20 22 7 26 9 9 9 4 0
1 17 55 1 14 13 21 15 27 9 13 3 2 23 61 4 21 15 22 15 28 14 7 6 4 0
1 24 55 9 23 16 26 13 25 14 17 7 4 26 62 5 17 29 34 15 21 6 9 8 2 0
-1 23 52 2 13 20 29 9 27 7 12 5 3 24 60 6 21 21 27 13 25 10 8 6 6 0
1 23 44 5 8 18 27 11 19 9 21 5 2 25 48 6 13 11 15 6 17 8 14 10 2 1
-1 22 54 11 22 18 28 10 28 12 12 6 3 23 50 11 21 19 26 3 27 13 15 4 5 0
-1 21 45 6 15 19 25 12 24 13 17 3 6 23 54 3 14 14 19 11 17 8 11 8 7 1
1 27 56 12 23 2 6 4 27 20 16 1 2 26 64 7 19 19 31 16 27 17 10 10 2 0
-1 26 63 5 21 12 18 15 24 9 18 4 5 22 59 4 14 23 30 15 25 10 12 14 2 0
-1 31 68 4 13 11 20 17 18 8 13 5 2 26 53 4 10 31 36 12 25 11 15 7 3 0
