1 26 51 8 17 24 35 11 20 13 17 15 5 20 45 8 14 12 18 9 18 10 27 10 2 1
1 21 49 7 23 9 10 13 18 10 11 8 1 15 47 3 8 4 7 14 16 10 16 7 1 1
1 25 49 10 21 14 19 10 17 14 11 14 2 16 37 9 17 8 8 4 18 11 21 5 4 1
1 26 53 9 28 15 18 11 23 19 17 10 2 20 48 6 16 18 24 9 14 12 18 8 1 1
1 35 62 14 33 17 27 11 28 28 14 16 6 24 55 4 19 11 16 6 22 3 22 8 1 1
0 17 64 11 35 15 21 15 20 12 10 9 8 26 67 4 12 13 19 25 36 13 17 4 7 0
1 37 64 11 24 19 24 12 23 26 14 14 6 23 55 7 21 12 15 9 19 12 23 5 1 1
1 29 62 6 21 22 25 12 26 20 17 9 7 26 61 5 22 14 23 11 21 12 18 8 1 1
1 22 57 3 12 9 12 10 21 10 16 6 2 16 35 5 9 31 41 5 25 10 16 8 6 0
1 23 49 9 20 20 27 7 26 12 13 6 2 26 65 4 22 7 12 16 23 11 13 6 2 1
1 20 50 9 24 12 19 6 21 14 17 6 0 30 52 8 14 17 24 4 26 20 12 9 4 0
-1 28 73 6 29 19 24 23 15 15 11 5 3 30 50 5 12 28 34 8 25 21 15 5 3 0
-1 22 50 7 24 19 28 8 29 11 11 9 0 22 53 8 25 11 20 8 22 12 12 7 2 1
1 23 46 9 21 25 34 7 21 16 14 6 3 20 53 8 26 23 30 14 19 13 15 7 1 1
1 25 52 12 23 24 29 5 22 19 9 9 2 23 57 12 32 19 24 14 24 12 15 4 3 1
1 20 44 9 24 11 15 4 19 15 21 10 1 25 50 8 11 17 25 12 21 16 17 12 4 0
1 29 51 14 31 6 7 6 17 24 12 10 1 21 42 3 12 11 16 6 16 12 17 9 0 1
1 21 54 6 26 10 12 12 12 9 8 8 0 27 48 5 16 14 17 12 22 17 12 3 2 0
1 23 55 4 20 8 12 12 21 8 16 6 5 24 55 4 17 9 11 9 21 16 13 9 5 0
1 22 55 4 22 15 21 12 21 9 13 8 2 22 54 2 16 11 16 11 25 9 16 9 5 1
1 18 52 7 27 11 14 8 23 13 17 6 3 22 58 6 22 26 33 16 27 10 9 9 4 0
1 27 52 5 17 12 13 5 23 16 10 6 4 20 50 5 18 15 18 9 21 14 15 9 1 1
1 26 46 1 10 15 18 7 21 9 24 7 1 27 57 3 12 22 29 9 14 9 12 13 2 0
-1 23 55 7 19 22 22 9 34 14 19 8 5 26 56 8 26 7 19 5 23 15 14 4 6 1
-1 21 53 9 27 14 18 10 21 12 12 4 1 25 56 5 13 13 21 13 24 13 10 8 3 0
-1 20 45 8 21 15 17 11 23 15 17 3 4 23 55 1 7 13 18 12 15 12 10 6 1 1
-1 26 50 8 20 12 14 7 19 10 10 7 1 28 51 9 21 13 20 10 19 16 13 8 2 0
0 25 50 11 21 10 18 10 26 17 17 1 10 28 65 2 12 7 9 13 20 12 7 11 3 1
0 24 48 10 19 29 35 6 26 17 13 1 2 24 61 6 15 29 36 13 22 13 4 4 4 1
0 26 59 5 16 20 26 12 25 13 15 6 3 24 56 9 23 27 33 10 25 11 10 8 4 0
1 27 67 9 29 8 9 14 28 15 11 10 4 20 56 4 18 2 7 9 27 9 16 5 4 1
1 21 49 11 25 18 21 5 28 15 16 4 5 22 63 6 16 1 4 14 24 7 18 8 2 1
1 34 63 10 24 14 22 12 31 25 22 15 2 22 67 6 26 12 17 16 21 10 24 9 1 1
1 22 51 7 27 10 13 5 25 17 19 8 0 22 54 2 17 22 29 13 26 7 15 9 3 0
1 24 53 4 19 25 34 10 23 12 10 7 3 28 64 6 17 9 16 19 25 16 16 6 1 1
1 25 61 8 32 20 23 16 18 17 13 9 3 17 46 6 19 9 11 12 20 11 26 7 0 1
1 23 51 6 21 3 8 8 29 14 16 3 2 20 56 4 14 14 19 10 23 11 9 5 3 0
1 30 59 11 27 15 21 10 21 18 12 11 1 27 61 3 19 12 12 13 24 18 18 5 2 1
1 21 46 6 20 20 24 7 28 14 15 8 4 17 48 4 19 12 18 8 21 10 15 11 1 1
1 34 58 8 21 13 17 7 22 26 7 8 2 21 52 5 18 15 17 10 20 12 17 1 1 1
-1 21 54 8 30 8 9 10 19 10 7 4 2 18 49 4 16 13 16 11 23 7 13 4 1 1
1 23 51 4 16 7 9 6 18 15 20 5 5 27 53 8 14 14 17 9 22 18 16 7 4 0
1 27 58 7 15 25 28 17 19 18 13 5 1 23 51 2 9 21 28 13 16 10 16 8 6 1
1 24 60 6 21 11 13 13 29 16 19 2 2 26 67 5 17 9 19 18 25 15 12 9 4 0
1 23 65 12 41 18 23 21 19 15 12 7 1 24 54 4 18 20 25 14 24 9 15 6 5 1
1 25 48 8 21 8 11 5 20 13 20 13 1 23 52 6 15 16 20 12 20 16 18 10 1 0
-1 24 51 10 19 23 25 6 24 14 9 5 1 29 60 2 14 9 18 13 21 14 12 1 5 1
1 25 55 4 20 19 23 7 24 12 13 8 4 23 54 6 17 16 22 12 26 9 16 9 4 1
-1 26 51 7 20 20 25 10 29 15 15 3 1 22 53 4 18 15 22 5 17 11 10 3 3 1
1 20 47 14 30 21 26 10 25 18 15 7 7 20 58 8 20 11 16 16 18 13 12 9 3 1
1 26 50 6 12 20 24 9 26 12 15 7 2 23 56 10 23 18 21 10 17 8 12 6 3 1
1 19 63 6 37 11 14 18 24 7 9 6 2 21 47 4 14 14 24 11 25 13 11 4 3 0
1 26 61 11 31 14 21 13 27 17 8 4 1 29 65 4 15 10 14 12 24 12 7 4 1 1
-1 22 43 8 18 27 34 9 29 12 19 5 3 27 60 7 18 8 18 9 15 17 11 9 5 1
-1 23 64 8 34 10 13 13 17 11 7 8 2 25 45 8 16 13 18 6 30 15 17 5 3 0
-1 22 49 9 24 16 17 4 29 12 19 8 2 24 57 6 17 16 24 8 23 12 12 15 2 0
-1 27 50 12 23 15 19 8 16 14 12 8 1 22 46 7 23 19 21 9 19 13 17 5 0 1
0 24 52 11 26 19 22 8 21 15 12 9 2 25 51 11 23 10 17 10 22 17 16 7 1 1
0 27 52 11 22 17 22 10 19 12 14 5 2 31 55 5 13 18 22 9 17 10 11 10 4 0
1 35 61 11 28 11 19 14 25 24 15 5 3 18 50 5 14 17 28 13 17 10 18 8 0 1
1 27 53 8 16 9 15 11 25 21 14 6 4 18 47 5 15 4 8 6 20 9 18 7 3 1
1 32 51 10 22 26 31 10 26 19 11 5 8 25 64 4 17 12 17 16 14 10 13 4 3 1
1 38 64 14 26 9 16 12 26 27 6 15 9 19 58 3 15 3 4 14 18 4 21 4 2 1
1 21 63 8 29 10 15 14 26 11 11 6 8 18 54 5 18 12 17 13 32 10 21 4 2 1
1 30 59 5 18 11 19 16 26 13 15 6 8 20 61 5 16 15 20 19 17 7 15 9 4 1
1 35 75 9 29 15 19 18 26 17 5 4 4 24 60 5 20 7 13 13 25 8 14 2 5 1
1 21 42 7 22 29 44 7 18 13 17 10 5 26 60 9 17 11 21 19 23 18 23 6 1 1
1 26 64 5 23 7 10 12 22 19 11 10 2 27 60 2 13 12 21 17 26 17 16 4 5 0
-1 28 60 5 28 11 16 10 25 13 10 8 3 21 55 5 16 14 15 7 25 16 13 6 1 1
0 27 55 10 19 20 31 13 16 21 13 14 5 26 48 10 18 12 16 8 23 17 25 7 0 1
1 13 65 2 24 17 22 21 19 2 19 7 4 25 57 1 7 12 17 14 34 13 21 12 6 0
-1 24 61 9 28 12 14 14 19 14 15 7 2 30 51 10 18 12 16 4 25 18 12 11 8 0
1 24 51 12 24 6 12 9 18 14 12 7 3 27 58 8 20 5 10 17 23 8 13 7 7 0
-1 25 58 5 18 19 24 11 15 15 11 8 5 27 52 7 21 25 29 10 22 9 11 8 3 0
1 19 50 8 20 30 37 10 28 14 17 10 8 27 59 2 15 12 19 10 27 12 17 10 4 1
1 25 53 6 15 15 26 18 19 12 17 6 3 23 54 7 13 19 24 12 16 12 10 6 6 0
-1 28 58 12 26 17 23 9 23 17 9 6 3 18 45 5 15 28 41 13 24 10 19 2 3 1
-1 21 50 9 24 13 23 11 18 12 9 4 2 22 45 8 16 18 22 6 22 12 10 4 4 0
-1 27 43 13 20 13 21 4 23 18 12 8 3 27 60 5 18 11 21 16 20 15 11 7 1 1
1 25 64 5 22 16 24 18 16 14 13 6 4 33 55 7 14 22 28 9 24 22 9 11 6 0
-1 18 45 5 20 21 29 7 15 15 10 7 4 20 43 4 13 20 24 8 25 10 16 7 3 0
1 28 50 9 22 10 12 9 15 9 20 9 5 22 49 7 14 35 42 15 15 12 14 14 1 0
-1 18 44 6 20 11 14 7 20 10 17 5 0 16 41 1 14 18 27 8 21 10 18 6 3 1
1 25 57 13 30 19 21 12 27 22 12 8 6 21 57 5 15 16 22 12 21 12 12 8 2 1
-1 24 53 12 27 11 12 7 16 14 13 5 4 26 53 10 21 19 23 12 21 17 11 5 3 0
1 24 49 11 22 15 22 5 23 17 10 7 5 17 45 5 12 15 26 12 22 8 18 3 1 1
-1 24 51 8 20 26 38 11 23 15 11 6 4 25 59 6 21 16 23 13 19 7 10 4 3 1
-1 18 44 8 21 9 22 4 23 12 9 7 5 20 53 7 23 8 14 14 25 11 16 6 0 0
0 22 49 10 26 16 25 5 26 16 9 8 3 18 50 3 18 15 25 11 26 6 14 6 4 1
0 30 59 8 20 13 16 12 19 19 8 6 5 24 49 7 16 10 20 11 19 11 15 4 5 1
0 24 55 8 25 13 18 14 20 11 12 0 2 28 56 11 23 9 19 15 20 16 9 4 5 0
1 34 60 9 28 14 24 15 22 23 11 10 4 21 55 9 20 10 13 13 19 9 19 6 1 1
1 24 53 14 33 29 37 7 25 19 8 6 7 16 61 4 23 23 31 23 25 8 18 2 0 1
1 21 49 1 11 30 39 9 30 10 12 7 4 18 60 6 20 15 22 15 24 7 16 5 3 1
1 23 62 8 35 21 28 15 30 19 16 13 6 22 59 5 15 6 10 10 27 15 18 7 0 1
0 19 43 8 16 15 18 4 23 13 12 10 6 19 51 3 18 7 13 16 22 11 15 6 3 1
1 17 50 3 18 5 10 9 29 11 24 6 9 17 57 2 12 9 11 12 28 10 19 11 5 0
1 31 46 11 21 19 29 8 23 20 16 6 4 25 64 6 22 12 13 15 14 11 12 8 2 1
1 32 57 13 30 9 12 6 32 26 15 10 8 23 63 6 20 4 6 9 22 14 16 7 1 1
1 21 40 12 18 27 33 6 27 14 13 4 12 24 64 5 19 16 21 17 16 8 10 4 2 1
-1 27 58 11 30 3 4 11 18 14 9 7 5 23 49 1 10 17 24 12 21 6 9 9 6 1
1 26 56 10 26 19 29 16 18 21 5 8 4 23 51 11 28 5 6 10 18 18 15 3 0 1
1 28 61 9 23 14 19 10 37 21 11 2 6 18 59 6 16 16 26 9 28 8 8 6 4 1
1 30 55 11 29 12 14 13 23 20 18 12 5 19 42 3 12 11 18 4 14 10 20 9 3 1
1 25 61 8 20 11 14 10 16 13 15 12 2 25 47 6 13 26 28 6 28 19 18 10 3 0
-1 26 41 10 17 16 19 7 26 12 15 3 8 21 65 7 21 11 19 21 10 18 6 7 3 1
1 28 52 13 27 18 27 6 24 21 9 3 3 32 62 5 12 9 16 10 24 15 11 5 2 1
1 28 54 2 11 10 16 9 25 13 17 6 7 26 58 11 28 18 26 11 22 19 10 13 4 0
1 25 54 5 19 37 43 7 24 13 9 10 5 29 72 5 21 19 25 22 27 13 14 7 5 1
-1 21 56 8 30 15 20 8 19 10 16 8 4 26 55 5 13 26 29 13 28 14 17 7 4 0
-1 28 57 15 29 23 31 10 33 17 21 8 4 28 64 8 27 21 37 11 25 13 12 13 7 1
1 27 54 7 22 5 10 4 28 20 11 4 5 27 66 2 21 8 11 12 26 13 8 4 5 1
1 17 55 12 28 16 23 17 25 12 14 8 6 23 61 7 16 5 10 15 24 11 13 8 5 1
-1 26 55 12 27 22 25 6 25 20 16 9 2 26 62 6 25 19 24 14 24 8 16 10 4 1
1 24 47 12 24 8 12 7 19 20 19 8 2 27 50 7 13 10 13 5 21 19 15 8 3 0
1 28 44 13 23 17 20 4 21 22 21 10 2 22 52 4 18 16 22 13 12 12 23 9 1 1
-1 23 51 12 26 12 14 9 26 11 15 2 9 26 72 1 12 11 15 21 19 8 6 8 5 1
-1 23 52 6 25 19 23 8 18 13 8 3 1 37 69 10 26 11 17 19 24 24 6 3 3 0
-1 25 64 11 35 11 15 13 21 13 11 8 3 27 60 7 23 13 24 18 28 16 15 4 11 0
1 15 57 4 29 29 34 12 20 6 8 12 2 23 51 8 22 22 31 13 32 16 16 2 3 0
0 28 62 10 29 5 7 5 19 13 15 6 1 26 49 6 16 24 33 10 30 17 18 8 4 0
1 35 64 7 19 15 21 9 24 23 9 10 4 34 69 16 35 4 8 12 24 20 13 8 1 1
1 26 41 6 13 5 11 5 21 20 17 4 1 16 47 4 21 7 8 10 13 7 13 10 2 1
1 28 59 5 22 17 26 9 33 16 10 8 1 22 60 9 21 11 19 10 26 11 13 2 1 1
1 35 64 6 20 12 21 16 20 20 13 2 2 28 52 8 19 12 14 5 17 17 19 2 1 1
1 26 61 7 18 15 23 13 29 12 13 6 4 27 71 8 27 5 5 15 28 14 13 6 10 1
1 23 55 6 22 10 12 4 27 12 10 1 5 25 66 6 25 11 18 18 29 14 9 3 2 0
0 22 48 3 16 13 14 10 25 10 17 4 3 24 61 13 28 10 13 14 17 14 7 9 2 0
1 22 41 5 12 25 27 3 23 13 11 11 4 21 52 8 19 3 3 8 18 12 17 6 2 1
1 27 48 5 13 21 28 8 26 18 14 5 10 27 71 7 20 4 7 20 19 12 14 4 0 1
-1 29 62 7 26 10 18 9 23 23 16 11 3 27 59 7 15 21 29 13 30 9 17 11 6 0
1 29 51 6 13 7 15 10 28 18 32 5 3 31 69 5 21 13 17 11 16 18 12 13 1 0
1 18 43 7 20 21 31 7 24 11 13 5 2 24 55 7 22 2 9 12 22 13 16 8 1 1
1 26 50 3 12 17 23 4 39 15 15 1 4 18 61 3 22 12 16 5 26 9 8 7 4 1
1 30 63 4 14 31 38 16 28 20 10 7 2 33 71 16 36 11 17 14 22 15 13 7 3 1
-1 24 55 3 16 7 12 8 22 13 9 4 6 27 69 8 20 12 17 23 27 17 12 5 3 0
-1 29 53 9 14 9 11 7 20 16 17 5 2 35 63 10 19 7 15 12 19 19 8 9 4 0
-1 34 56 9 20 11 14 6 18 16 19 13 2 28 52 6 15 12 23 11 18 14 22 9 2 1
-1 14 41 4 11 24 27 4 21 7 20 4 3 31 59 7 20 10 13 7 24 16 11 13 3 0
-1 20 63 7 27 11 20 17 21 12 13 8 6 24 56 10 25 13 18 13 31 11 15 7 3 0
-1 26 49 5 18 13 21 10 32 10 14 2 3 21 60 3 10 14 21 12 17 8 5 9 2 1
1 26 43 8 15 23 32 7 24 19 22 9 7 30 62 4 15 15 20 11 14 15 12 11 1 1
1 23 47 6 18 13 15 7 18 16 18 4 5 28 52 3 8 15 20 8 18 14 11 11 4 0
1 22 46 7 20 14 21 8 17 13 12 1 1 29 63 7 18 15 21 21 21 12 9 7 2 0
-1 24 61 6 17 16 23 16 20 11 14 5 4 29 58 7 11 20 28 12 24 18 12 9 7 0
1 32 48 11 15 6 9 4 24 21 11 3 1 25 52 2 8 4 8 7 14 10 10 6 2 1
1 21 50 8 17 14 17 5 18 11 17 5 5 31 62 5 11 16 22 16 25 19 13 9 6 0
1 17 42 6 19 12 14 4 19 10 19 6 1 29 57 10 20 10 16 13 20 13 14 12 2 0
1 25 49 4 17 19 26 6 27 17 15 7 7 24 71 6 23 12 20 22 20 9 12 7 0 1
1 23 61 5 15 8 10 11 20 13 11 2 5 33 70 3 11 10 13 19 28 18 8 4 9 0
0 31 51 4 10 19 29 9 20 14 15 7 2 30 61 9 23 11 15 12 17 9 18 3 1 1
0 25 47 8 19 21 27 6 27 17 14 2 1 25 62 6 21 15 18 12 20 12 11 2 2 1
0 21 40 6 13 24 28 0 28 13 17 6 4 26 62 4 10 8 19 12 21 8 10 9 1 1
0 29 53 6 14 16 19 8 16 11 15 5 1 30 52 6 10 23 24 6 18 12 10 9 1 0
1 24 54 5 24 13 18 14 28 13 10 4 7 16 55 5 19 10 15 14 19 7 10 4 2 1
-1 24 53 5 16 10 19 6 31 11 14 5 9 23 65 3 17 16 21 13 28 8 8 9 1 0
0 22 45 5 13 23 33 11 27 11 15 6 5 25 69 8 19 5 8 16 18 12 11 3 4 1
0 22 46 4 11 15 20 6 33 11 13 4 7 25 76 9 21 2 9 24 22 11 8 5 3 1
0 23 43 7 15 16 25 8 23 13 22 3 4 29 68 2 12 8 18 21 18 13 11 11 3 1
1 17 48 4 17 20 32 11 20 10 15 2 8 35 67 5 14 6 11 14 28 21 10 8 5 0
1 21 50 5 16 22 29 10 23 12 14 1 2 25 55 10 18 15 25 12 22 16 11 6 3 0
1 27 56 2 14 18 30 16 30 12 17 6 7 19 64 2 12 9 12 16 19 4 17 7 4 1
1 22 50 4 14 18 21 8 32 14 17 4 4 24 61 11 28 6 6 4 21 10 10 11 2 1
1 21 41 6 9 37 50 5 23 15 10 8 1 29 63 9 26 10 14 12 22 12 13 3 1 1
-1 30 54 2 11 17 24 12 29 10 18 6 7 29 69 5 21 10 14 15 16 11 11 12 5 1
1 21 41 5 14 27 33 10 25 20 14 6 6 25 67 10 22 2 2 17 12 10 11 11 1 1
1 18 40 6 18 8 12 5 23 15 11 8 4 17 46 7 24 2 3 6 19 9 11 8 0 1
1 16 44 4 21 18 23 9 33 10 15 5 8 12 59 1 14 4 10 16 23 6 12 8 1 1
1 24 65 4 15 10 16 13 21 18 17 8 3 36 74 6 11 15 18 18 32 27 12 8 9 0
1 23 52 5 12 3 6 14 24 14 23 3 2 27 60 10 25 6 12 14 16 21 10 13 7 0
1 25 56 11 18 18 26 6 24 16 12 7 5 31 68 4 11 11 16 14 29 6 13 4 4 1
-1 24 49 5 17 21 28 13 17 14 18 8 2 29 49 4 10 15 20 6 17 9 15 10 5 0
-1 20 43 9 21 20 27 7 21 8 14 5 7 21 57 7 17 17 20 17 18 9 15 8 1 1
1 24 44 4 9 20 31 10 16 11 18 5 2 32 56 9 20 19 27 13 15 15 11 10 3 0
1 21 55 8 21 17 26 13 24 14 9 5 2 25 64 6 21 9 13 17 26 8 9 4 4 1
1 21 39 7 15 24 30 5 23 15 22 8 9 27 57 2 10 7 10 8 15 9 15 13 4 1
1 27 61 9 17 7 8 5 21 13 9 5 2 33 58 6 10 12 14 6 30 19 11 3 7 0
1 26 55 3 15 10 18 9 16 17 13 7 6 30 54 7 14 15 20 11 25 19 14 7 6 0
-1 23 57 4 18 14 18 14 27 15 16 3 4 26 70 9 20 10 16 19 23 7 8 7 3 0
-1 25 51 6 19 14 20 9 19 18 18 6 4 34 64 3 6 13 18 14 21 11 11 9 2 0
1 19 46 9 22 13 18 7 28 10 25 3 5 28 59 5 17 17 27 8 23 11 9 16 1 0
-1 21 45 9 20 11 11 3 20 16 12 3 4 23 55 7 17 19 22 13 21 5 6 8 3 0
-1 27 50 7 13 25 29 7 30 15 17 4 2 22 57 13 28 30 37 9 18 14 8 5 2 0
1 24 54 10 25 9 13 12 18 12 16 3 2 27 57 7 12 17 18 13 19 7 12 6 6 0
0 16 47 2 15 16 21 12 20 8 17 6 3 18 49 1 9 26 30 14 22 8 9 11 4 0
-1 23 47 5 17 14 19 11 23 14 13 6 2 22 48 5 11 10 13 5 17 13 10 6 0 1
1 23 53 9 20 14 21 13 26 15 10 6 2 19 53 11 26 7 13 11 21 7 12 7 0 1
1 23 55 6 21 22 27 12 33 12 6 4 5 18 63 3 16 9 12 14 23 3 9 6 5 1
1 34 72 5 21 6 12 16 33 22 9 8 6 20 59 2 15 10 20 11 26 8 13 4 3 1
0 20 54 4 17 23 28 12 27 10 19 6 1 26 69 6 24 14 21 21 24 9 14 7 2 0
1 28 54 6 17 12 14 10 37 22 16 4 5 18 64 2 18 8 13 13 17 8 9 9 2 1
1 27 52 7 21 26 34 10 29 16 14 5 4 28 73 8 26 12 15 16 19 8 9 9 1 1
1 30 60 8 16 10 22 14 29 20 9 5 5 23 63 2 14 10 14 12 23 7 10 6 4 1
-1 24 47 8 16 9 13 7 22 13 18 5 5 27 56 7 16 7 10 8 17 9 10 8 4 0
1 20 47 4 7 18 28 13 25 10 13 4 7 24 58 6 20 6 8 10 20 11 8 9 1 1
1 28 52 6 10 26 32 13 22 21 10 4 3 23 61 9 24 13 15 16 15 13 10 7 6 1
1 24 41 3 9 15 21 8 20 8 18 3 3 24 47 2 13 18 25 9 13 9 12 11 2 0
1 17 54 6 18 11 15 14 26 12 18 5 6 24 56 2 6 13 20 10 25 13 9 12 8 0
-1 23 53 4 17 15 22 11 17 8 16 4 4 29 55 2 13 18 23 11 24 10 12 12 3 0
1 24 56 6 16 22 28 14 25 19 22 10 6 24 67 10 18 13 16 20 21 14 22 13 5 1
1 23 51 3 14 7 11 15 21 12 19 5 4 29 57 7 14 8 12 10 15 14 8 12 2 0
1 25 56 4 14 14 20 10 15 14 10 8 5 28 64 7 19 16 19 22 24 15 13 4 2 0
1 32 60 14 26 6 7 3 23 17 10 5 4 31 63 7 19 12 22 15 26 12 12 5 1 1
-1 28 67 11 26 9 13 13 17 13 9 6 3 35 62 5 15 18 20 11 28 14 11 4 4 0
1 33 57 7 19 14 23 19 33 19 20 9 2 22 57 10 24 5 5 2 12 11 13 9 1 1
1 27 55 5 17 28 39 11 29 15 22 6 5 32 68 3 13 24 30 11 23 12 14 12 7 0
1 26 61 7 18 23 31 17 22 14 16 12 6 31 62 5 18 9 16 13 22 13 17 10 6 1
-1 27 44 9 17 23 29 3 31 20 21 10 0 25 65 6 17 9 13 11 15 17 15 16 5 1
1 33 61 11 20 3 7 10 18 20 15 2 5 36 65 4 12 13 15 12 22 18 9 12 5 0
1 25 47 8 18 14 22 9 23 13 20 2 6 25 57 5 12 12 18 13 19 13 13 11 2 1
1 31 65 8 23 8 11 7 20 19 8 6 3 32 61 3 13 18 22 13 29 11 12 3 5 0
-1 23 46 5 19 9 14 6 26 15 16 4 1 27 56 10 21 7 8 4 20 13 8 9 1 0
1 27 51 8 17 12 20 10 20 16 9 7 1 25 52 8 24 11 14 8 18 15 9 6 3 1
1 19 49 7 20 19 21 11 25 13 15 3 1 20 56 7 21 25 34 15 20 7 5 8 3 0
0 26 59 8 27 9 11 18 18 16 14 4 4 25 53 9 16 15 21 13 15 16 8 8 4 0
1 20 49 3 16 26 35 12 27 12 9 8 4 22 59 3 16 6 12 14 23 13 12 5 1 1
0 22 34 5 8 17 26 7 32 16 25 4 5 17 55 4 19 7 18 14 12 7 14 12 3 1
0 26 58 6 18 8 12 9 20 16 11 10 3 24 49 2 7 9 18 9 24 9 16 5 1 1
0 21 63 5 19 13 18 19 24 13 11 6 2 22 53 9 23 5 15 11 25 12 15 4 7 1
1 21 44 8 16 19 25 6 27 13 13 4 14 22 63 5 16 3 4 14 19 9 13 10 1 1
-1 19 56 2 18 13 19 12 19 10 13 9 6 24 49 6 14 11 16 10 28 11 16 9 9 0
-1 30 56 7 12 10 20 10 23 22 12 14 2 25 66 9 22 14 18 20 21 17 15 9 0 1
1 33 51 5 17 4 9 6 25 23 15 6 4 22 55 2 12 11 16 11 15 8 8 11 3 1
1 31 64 3 14 14 23 17 23 17 9 5 10 30 64 7 20 9 14 14 22 16 8 7 0 1
1 21 62 6 21 11 19 17 23 8 16 7 8 26 61 3 11 12 23 18 30 12 16 10 8 0
1 30 66 8 19 6 10 16 25 13 20 3 3 26 57 5 13 19 27 7 23 14 11 11 3 0
1 26 53 10 21 6 15 8 34 21 14 3 5 20 63 3 18 9 17 14 26 9 7 8 3 1
-1 31 56 10 18 17 22 6 21 18 11 8 4 27 62 4 14 9 11 16 22 10 21 5 4 1
-1 22 55 7 22 10 19 11 30 14 14 7 3 26 69 3 24 7 10 15 26 12 9 12 2 0
1 33 64 10 23 11 12 10 24 20 8 11 11 21 57 10 17 18 24 16 21 15 17 3 2 1
-1 21 52 4 14 16 26 8 22 14 9 2 2 23 54 5 11 19 20 9 27 11 10 6 4 0
-1 24 53 11 23 29 35 14 23 11 18 5 4 26 57 4 13 25 34 13 15 9 14 8 10 1
-1 21 54 4 21 24 30 15 24 9 11 5 3 26 53 4 17 17 23 8 20 11 11 7 9 0
1 32 55 5 12 19 26 6 22 18 9 5 5 22 57 5 13 25 33 17 23 8 14 4 1 1
1 24 66 6 20 10 16 17 20 10 11 2 3 29 54 6 13 24 33 12 27 16 9 5 1 0
-1 23 59 7 22 10 11 8 22 13 10 4 4 29 57 6 13 13 22 11 28 11 10 6 3 0
1 27 45 2 7 21 31 10 26 22 12 6 5 13 49 4 14 12 15 11 13 4 15 6 0 1
1 18 48 2 11 9 16 9 21 6 7 4 4 22 54 6 16 9 13 13 27 14 8 5 1 0
1 24 68 6 20 17 22 21 20 13 22 17 4 26 50 6 11 15 29 10 24 15 22 11 8 0
-1 20 70 0 11 12 20 27 18 7 15 4 5 27 51 3 7 15 20 9 28 13 16 4 12 0
1 23 56 5 18 10 17 10 22 16 12 5 5 25 60 5 15 19 29 17 27 12 10 10 6 0
-1 23 66 4 16 8 10 15 26 10 12 4 4 25 58 5 13 12 19 11 28 13 7 5 4 0
1 21 52 6 12 20 24 11 20 14 15 10 6 23 66 0 12 8 15 27 23 6 23 7 4 1
-1 24 47 4 7 19 31 10 19 14 10 7 3 24 51 6 19 12 16 10 21 12 14 5 2 1
1 20 50 4 16 15 19 11 24 8 20 4 1 24 53 3 12 20 28 10 19 13 10 6 3 0
1 23 46 5 12 15 21 4 25 15 10 6 2 22 49 3 16 7 11 5 22 18 11 4 2 1
0 23 44 3 11 10 15 10 24 8 19 11 3 20 51 7 19 10 18 11 14 9 15 10 2 1
0 19 43 7 15 13 20 6 19 12 16 10 1 20 52 3 18 9 17 19 23 8 20 9 7 1
0 19 62 6 26 10 19 13 23 9 6 7 2 18 41 2 10 19 32 7 35 13 16 6 4 0
1 23 56 5 18 31 41 10 27 15 9 7 13 24 68 5 16 16 22 20 27 9 19 5 4 1
0 32 61 1 10 20 29 13 28 20 13 9 7 21 53 5 16 18 30 13 22 7 20 5 3 1
0 31 56 8 19 8 13 10 27 18 16 9 1 23 58 4 14 15 18 11 19 9 14 7 5 1
0 25 63 4 17 13 20 14 23 8 10 6 4 32 71 8 22 10 14 18 29 21 9 3 8 0
1 23 59 7 18 24 34 13 26 17 11 9 10 27 68 3 12 10 13 17 29 12 17 10 2 1
1 18 57 4 13 8 13 13 17 9 13 5 1 28 56 11 20 20 26 14 27 17 6 5 4 0
1 23 51 8 23 5 11 11 28 18 19 2 4 23 60 2 16 17 26 12 21 12 5 12 3 0
1 33 62 5 9 8 11 11 25 20 7 8 4 23 60 8 22 6 8 14 19 9 12 5 3 1
1 18 50 4 12 27 40 17 33 10 13 6 7 21 62 4 20 4 12 12 23 12 11 7 4 1
-1 21 66 5 14 15 21 23 22 13 14 7 5 22 49 4 16 24 30 8 23 13 10 9 4 0
1 25 51 1 12 21 27 11 24 14 13 4 3 23 54 9 22 15 19 11 20 14 11 6 4 1
1 29 51 6 9 18 22 8 30 18 14 8 7 21 66 0 15 9 17 19 18 6 13 9 3 1
1 32 58 3 11 9 13 12 33 17 17 6 4 20 59 5 17 9 15 9 16 10 12 7 1 1
0 30 48 3 7 24 36 10 25 10 16 10 4 20 57 9 19 23 24 12 14 10 16 5 2 1
1 34 66 5 10 17 19 20 27 19 10 5 3 25 59 3 14 16 19 8 14 8 7 4 4 1
1 28 63 5 15 5 12 13 24 12 10 2 4 27 61 9 23 12 17 11 27 15 8 4 3 0
1 24 62 6 15 17 25 17 21 9 16 5 0 30 55 5 13 19 23 5 24 11 11 8 5 0
-1 25 68 5 11 23 30 18 16 11 9 7 4 34 67 7 23 17 22 18 26 11 11 4 8 0
1 27 60 5 11 13 16 9 22 19 8 7 4 29 61 8 14 4 5 10 25 11 11 5 6 1
1 19 48 5 16 7 10 6 20 11 12 5 2 23 54 4 17 10 13 12 24 12 10 6 5 0
1 24 66 3 12 13 19 14 25 12 16 7 4 33 70 4 16 14 24 20 33 19 15 7 8 0
-1 24 60 3 15 18 26 13 22 11 6 1 8 27 66 4 16 19 25 19 27 9 6 4 3 0
1 21 53 1 10 9 18 10 26 16 16 3 3 26 62 7 14 17 32 19 26 13 9 7 6 0
-1 33 59 4 10 10 14 11 25 22 11 7 4 21 54 3 11 10 12 9 17 9 15 4 2 1
1 23 59 4 10 19 24 19 27 12 9 2 4 24 64 3 20 10 16 17 21 5 5 3 5 1
1 31 63 7 17 11 16 11 14 15 11 5 2 32 55 0 1 23 25 9 22 20 12 7 2 0
-1 28 65 3 14 4 10 12 21 17 10 7 4 28 66 5 16 14 18 19 28 9 11 6 7 0
1 28 56 6 15 17 25 12 19 16 10 10 6 27 57 6 16 14 18 13 20 13 14 7 6 1
1 20 49 6 16 12 16 9 25 10 15 5 7 21 53 10 21 17 20 10 22 12 9 5 7 0
-1 20 52 5 17 17 25 11 22 14 14 7 4 28 59 4 16 12 15 11 26 11 14 12 6 0
0 27 80 2 17 11 18 19 28 9 8 10 1 26 58 4 11 19 24 7 39 13 17 5 5 0
1 29 66 6 19 20 28 16 34 21 14 10 7 23 66 10 25 19 26 14 22 10 12 7 1 1
1 33 54 8 23 17 22 13 21 26 12 4 6 19 47 8 15 15 24 12 11 9 16 6 0 1
1 26 54 1 8 7 11 12 28 15 14 8 5 21 53 9 19 7 13 6 18 13 11 8 5 1
0 31 62 4 11 13 22 10 24 16 13 12 1 28 54 9 25 21 33 11 25 14 17 8 1 0
0 20 44 4 12 33 44 8 20 14 11 7 3 25 53 5 16 19 25 11 21 13 13 6 3 1
1 32 70 5 11 13 21 19 30 14 11 4 6 24 59 7 22 12 20 10 23 11 14 5 0 1
-1 28 66 3 10 16 22 18 22 14 15 7 10 30 62 7 13 19 23 12 25 8 13 10 4 0
1 26 55 7 17 13 20 11 19 8 17 5 5 21 58 5 14 29 34 17 23 11 10 7 2 0
1 20 54 7 23 18 22 16 25 15 16 7 1 24 58 6 17 6 8 11 19 16 12 8 3 1
-1 30 52 7 14 5 8 9 19 21 19 3 3 35 62 11 25 7 13 11 15 10 8 5 4 0
0 25 58 6 14 11 13 13 23 21 11 10 7 22 54 5 20 16 19 11 21 10 12 6 2 1
1 33 64 11 20 11 12 13 28 24 10 2 6 23 60 4 18 9 11 9 19 7 10 8 5 1
1 28 59 3 11 28 31 15 25 15 14 5 4 29 57 9 14 14 19 6 16 10 10 8 8 1
1 30 52 6 15 16 21 5 34 25 14 4 4 20 65 7 23 8 10 12 19 4 12 7 0 1
1 28 62 7 22 15 17 14 35 18 10 8 5 18 61 3 12 5 9 11 21 6 11 9 3 1
1 28 59 2 9 21 24 11 25 15 13 4 4 26 60 9 21 13 21 13 21 12 15 5 4 1
-1 24 56 5 19 18 27 11 18 12 12 4 6 25 49 9 15 23 31 9 25 9 14 5 5 0
-1 30 67 8 21 8 10 12 31 18 9 11 4 16 55 2 20 6 8 9 25 7 17 2 5 1
1 33 64 5 15 5 10 14 30 21 16 16 5 25 62 9 27 3 7 8 20 15 17 9 3 1
-1 24 52 6 10 24 31 8 24 14 15 10 4 27 61 2 20 17 23 12 24 10 16 11 5 1
1 21 57 9 20 4 9 6 20 16 17 10 0 31 64 5 16 7 13 15 33 18 15 9 8 0
-1 23 57 2 15 12 21 18 24 12 11 10 2 19 43 7 15 16 23 5 20 8 11 5 2 0
-1 19 45 5 17 13 17 8 20 15 11 8 2 19 49 5 17 8 13 10 20 7 12 7 3 1
1 31 59 8 15 17 20 11 21 19 9 4 6 29 58 10 17 8 10 10 18 15 12 2 3 1
-1 20 49 6 17 15 22 10 21 12 10 6 2 19 59 1 17 13 16 19 23 13 16 6 3 1
1 26 59 5 11 16 24 12 32 12 15 3 8 25 69 8 29 20 28 16 23 11 5 8 3 0
-1 17 58 3 12 25 31 18 20 12 17 8 3 27 55 4 13 18 21 8 26 14 16 8 9 0
-1 29 70 3 13 13 23 18 22 11 4 6 3 29 57 10 19 18 24 11 29 19 9 3 8 0
1 30 60 4 16 5 13 13 24 16 13 6 2 25 57 6 20 16 21 10 22 16 12 9 2 0
1 28 56 7 16 14 26 11 28 19 7 3 6 26 73 8 29 13 19 22 23 10 6 3 3 1
-1 23 45 3 11 21 27 11 29 8 18 4 2 22 60 5 20 9 18 12 13 10 7 3 3 1
0 29 67 8 19 12 20 15 28 16 11 11 3 22 57 7 23 6 11 9 26 15 19 5 3 1
0 27 50 5 15 8 18 6 22 18 11 8 2 23 53 2 12 16 20 10 25 10 11 8 2 1
0 26 58 3 11 12 18 8 25 10 16 7 1 24 54 5 20 16 22 6 28 19 15 5 0 0
1 35 57 8 19 19 27 8 36 23 11 6 6 20 69 7 26 12 19 17 20 12 11 7 2 1
0 26 52 8 16 12 18 7 29 12 14 8 1 19 60 3 19 14 17 14 22 4 13 8 1 1
0 35 62 8 18 16 31 12 29 15 13 6 0 27 67 9 24 13 18 14 24 9 18 7 3 1
0 22 62 4 14 8 16 13 21 7 12 9 1 24 57 8 22 20 24 13 32 14 13 6 8 0
1 29 52 3 9 21 32 11 25 10 19 5 4 32 64 8 19 8 9 7 15 15 12 14 4 1
1 32 56 2 8 6 9 9 22 14 13 5 5 27 54 9 24 16 20 7 18 14 6 3 4 0
0 26 55 4 9 13 21 16 21 12 12 6 3 25 62 8 23 7 11 17 16 10 12 9 5 1
1 29 53 4 11 18 23 9 19 15 13 6 7 25 57 7 21 6 10 14 17 9 18 3 0 1
1 31 54 4 11 18 28 10 32 21 17 12 7 21 64 3 16 17 23 15 17 10 16 9 1 1
1 32 57 5 15 19 27 12 25 12 10 3 11 34 75 7 25 4 6 17 18 19 6 5 3 1
1 32 56 6 14 22 35 7 28 21 12 8 8 26 64 8 25 13 21 13 25 12 14 6 4 1
1 30 55 4 11 20 28 10 22 17 8 10 6 24 67 4 16 16 17 22 20 10 12 3 2 1
1 32 60 8 18 17 22 11 26 19 11 5 3 29 67 2 17 8 13 15 19 8 10 9 2 1
-1 24 50 5 13 25 35 9 23 14 7 6 2 21 51 7 22 24 37 8 23 11 8 3 1 1
1 28 55 7 16 20 29 9 34 16 13 4 8 27 73 4 18 12 16 14 23 8 7 5 2 1
1 30 59 4 8 20 23 9 25 13 11 4 4 30 67 6 20 10 12 13 22 10 12 6 4 1
1 19 61 5 16 7 12 13 28 10 11 4 4 21 61 3 18 6 8 13 32 10 13 4 3 0
1 23 51 6 12 14 23 10 26 14 9 3 3 26 64 5 19 5 7 12 21 11 6 4 2 1
1 34 70 2 9 14 25 19 25 19 13 8 6 31 63 4 10 20 33 16 24 13 12 8 9 0
1 32 65 7 13 20 23 12 30 22 16 9 3 33 71 8 22 9 10 9 23 21 14 6 4 1
1 20 53 6 15 9 13 10 28 10 14 5 2 22 54 4 16 10 15 7 26 13 8 4 4 0
-1 28 52 4 9 18 21 9 22 11 12 5 3 30 61 3 21 16 23 12 16 9 8 10 2 0
1 35 66 4 9 11 19 12 19 12 7 2 1 28 52 10 24 32 41 9 24 18 8 3 4 0
-1 23 61 6 16 6 10 11 25 8 12 5 6 22 57 6 17 7 10 12 29 10 17 5 9 1
1 26 55 7 18 31 43 13 26 13 12 8 4 35 80 11 23 5 7 21 21 13 14 5 3 1
1 27 59 5 8 25 31 21 24 15 14 9 5 22 51 6 18 16 20 6 15 10 14 6 5 1
1 27 61 5 16 6 13 14 29 16 17 4 6 28 64 9 21 11 16 10 24 19 10 9 5 0
1 33 59 7 17 9 14 14 25 19 13 8 6 21 54 7 21 15 19 11 14 9 10 5 2 1
-1 24 56 1 11 21 30 11 25 12 10 12 3 22 64 4 18 9 12 16 26 12 15 3 5 1
1 31 64 7 18 12 16 16 23 17 14 10 6 28 60 4 18 6 9 10 20 9 15 5 3 1
1 21 45 4 13 21 33 14 13 10 14 7 1 23 50 3 14 22 29 16 16 10 13 6 3 0
0 28 53 5 16 19 26 10 30 18 12 5 2 25 60 4 18 9 11 7 18 10 9 5 3 1
0 27 59 8 16 13 16 10 29 16 10 7 3 21 54 5 20 9 15 5 23 15 10 7 4 1
0 25 50 7 16 14 25 8 19 14 14 10 5 26 57 6 20 23 30 14 23 10 11 6 4 0
1 39 63 5 11 15 22 9 23 19 11 6 1 28 57 6 19 15 22 10 19 11 15 8 5 1
1 19 58 7 19 12 21 16 20 7 8 5 3 21 53 3 8 23 31 17 26 7 11 5 9 0
1 37 68 5 15 2 12 16 21 14 10 11 5 23 50 8 19 12 15 9 20 14 19 5 5 1
-1 23 57 3 20 23 33 13 17 9 11 6 2 19 47 3 16 41 45 11 26 7 14 5 4 0
1 34 62 2 8 12 18 13 30 17 11 5 6 19 55 4 16 20 23 8 17 8 11 9 2 1
1 30 60 2 14 13 19 13 31 14 10 3 4 22 58 9 29 3 6 8 21 13 11 6 2 1
1 28 61 4 18 9 11 10 29 16 5 5 7 13 52 6 22 16 18 12 25 6 11 3 0 1
1 30 60 3 15 13 15 12 24 16 9 4 5 26 63 2 11 12 15 15 18 12 11 6 0 1
1 25 50 10 21 22 33 6 25 17 15 3 3 27 59 6 20 19 28 9 27 11 13 7 3 1
-1 24 54 3 6 14 19 13 30 8 16 4 12 20 68 3 24 15 20 20 21 5 10 5 7 1
1 39 67 7 19 5 10 8 25 20 8 5 9 30 63 10 27 9 9 8 21 17 10 4 1 1
-1 25 61 6 21 8 14 16 19 17 8 3 6 21 52 7 18 19 26 15 23 9 10 6 2 0
-1 24 59 1 6 19 33 15 20 11 12 5 0 22 58 3 15 17 28 15 28 9 16 8 2 1
-1 22 56 4 11 14 15 14 21 12 16 4 6 26 54 4 12 18 24 9 20 13 11 13 1 0
-1 24 58 4 13 25 32 13 26 12 8 5 5 27 66 7 24 9 12 14 23 14 11 2 6 1
-1 13 45 2 10 17 23 6 22 7 16 1 8 29 62 3 13 15 18 13 27 14 7 9 6 0
1 23 55 2 13 21 31 14 20 8 11 3 2 19 35 4 12 28 39 3 22 12 14 6 6 0
1 25 52 2 8 8 16 11 21 6 21 3 3 33 66 11 24 18 21 14 21 19 8 14 0 0
1 23 57 5 19 14 22 10 31 12 8 5 5 22 70 7 22 5 13 22 28 9 12 4 5 1
1 32 60 5 13 11 20 9 22 14 10 7 3 28 65 6 18 16 23 18 24 14 14 5 4 1
1 31 68 4 15 8 11 14 23 17 9 7 3 24 56 7 19 15 26 16 24 12 11 3 5 1
1 27 66 2 10 14 26 12 24 7 12 8 6 28 69 3 12 25 33 22 30 16 13 6 6 0
-1 17 45 7 20 15 20 11 22 7 11 3 0 17 51 5 18 16 23 17 19 6 11 6 0 1
1 31 59 8 18 12 19 13 23 16 12 5 2 24 47 5 10 14 31 11 20 15 14 6 1 1
1 22 56 4 14 7 14 12 25 12 10 4 0 19 54 2 12 16 22 13 25 9 9 5 9 0
1 21 46 5 14 9 14 9 15 11 14 4 3 23 48 5 14 22 26 12 19 9 11 6 9 0
-1 26 64 4 24 15 25 13 18 15 7 6 4 18 42 6 18 22 37 12 27 10 17 3 1 1
-1 29 62 7 22 19 31 15 22 12 10 4 10 30 66 7 15 18 31 19 25 16 12 4 2 0
-1 24 52 6 16 16 24 12 12 13 9 5 1 27 46 5 10 26 32 11 21 11 11 5 2 0
-1 26 55 7 19 15 25 13 22 15 6 5 1 21 42 10 21 15 23 2 21 18 8 3 3 1
1 26 53 4 10 22 27 13 24 15 9 4 5 24 57 4 15 16 20 11 16 10 8 5 1 1
0 24 53 5 12 14 19 11 14 17 5 8 0 21 43 3 12 13 17 11 20 6 15 3 4 1
0 23 50 5 14 15 21 8 25 14 9 2 3 18 55 4 17 23 29 15 21 9 7 6 6 1
0 27 55 2 14 11 14 13 15 13 7 4 2 28 49 7 17 12 23 11 16 12 6 4 1 0
