-1 31 69 8 26 11 17 10 23 22 14 7 4 26 64 9 29 25 36 21 28 18 17 1 3 0
0 25 58 6 13 17 23 16 21 11 14 6 3 32 59 9 21 11 17 11 21 17 12 7 3 0
1 30 61 8 24 13 19 16 28 20 18 6 2 19 48 2 15 18 23 3 18 5 15 7 1 1
1 36 64 6 14 27 48 20 41 20 20 8 7 17 68 9 34 24 35 14 17 11 16 6 0 1
-1 25 51 4 15 9 12 7 18 15 16 4 3 25 47 11 22 6 13 8 20 18 19 3 2 0
1 29 75 7 21 5 6 20 25 14 15 8 1 30 58 8 18 19 28 9 27 22 11 10 7 0
-1 25 60 8 19 18 25 10 21 19 9 2 4 27 58 11 22 16 22 9 27 13 10 1 2 0
-1 28 57 4 10 17 18 14 30 16 29 6 8 21 63 2 12 23 34 15 15 6 17 13 4 1
-1 40 63 11 17 7 8 6 32 24 13 1 0 27 72 11 31 18 25 16 18 16 7 8 2 1
-1 31 75 4 26 9 12 19 22 19 11 5 0 29 61 8 16 14 26 16 25 10 14 7 1 0
-1 27 62 5 16 6 11 7 27 14 17 3 6 26 60 4 11 24 31 13 30 12 15 10 1 0
-1 22 50 2 8 18 23 9 18 9 19 9 0 28 47 1 6 18 34 11 22 11 20 4 2 0
-1 21 66 3 10 7 12 10 23 10 21 5 4 31 65 8 22 17 30 17 36 21 18 8 2 0
1 20 53 3 13 8 13 14 26 10 12 7 1 22 55 3 13 5 9 10 22 12 9 7 2 0
1 24 65 7 20 14 23 12 24 13 13 6 1 29 58 3 12 19 30 12 31 19 17 6 4 0
-1 35 67 4 13 17 28 15 26 17 16 7 7 35 73 13 30 13 15 14 23 21 13 5 0 0
-1 28 59 7 14 16 22 10 21 7 14 4 3 30 64 5 18 18 22 15 24 15 12 3 3 0
1 34 69 8 21 9 13 9 25 16 16 8 6 29 69 6 15 22 29 17 25 16 15 8 2 0
-1 21 50 4 11 25 34 10 27 11 13 9 3 23 62 8 18 16 18 13 24 14 12 6 3 1
1 25 58 3 12 17 22 8 25 15 19 4 3 36 73 12 23 22 28 15 26 20 9 7 4 0
1 26 48 6 11 11 17 4 20 13 19 3 3 29 59 7 14 20 22 11 21 20 13 9 4 0
1 29 60 5 16 13 19 14 30 12 18 3 2 31 77 9 25 4 6 16 20 16 10 7 0 1
-1 27 56 11 20 19 25 10 14 16 16 1 0 32 53 10 17 19 21 6 19 18 14 4 3 0
-1 30 58 6 13 3 7 9 28 17 18 5 8 24 66 7 22 11 18 15 21 17 12 8 2 1
1 14 57 2 14 18 30 13 23 5 14 6 0 27 57 14 24 11 11 6 36 22 19 5 4 0
1 33 66 6 11 14 17 20 29 15 17 7 3 27 68 12 34 5 8 12 16 16 12 5 1 1
1 32 56 6 11 13 20 10 19 17 17 5 3 28 59 6 23 10 12 14 15 12 17 4 2 1
0 32 69 7 15 25 28 11 32 17 16 9 5 33 88 7 36 16 19 19 25 19 14 10 3 1
0 26 52 5 15 17 26 9 23 10 14 8 4 29 70 12 35 5 9 16 23 18 12 8 1 0
1 26 58 6 13 10 17 12 25 12 8 2 3 24 58 8 18 11 11 8 24 16 8 2 0 1
1 35 58 8 12 6 12 12 27 17 13 4 3 26 62 7 26 11 13 10 14 9 9 5 2 1
0 17 50 3 14 13 18 10 29 6 15 3 6 16 59 4 13 16 25 14 27 9 9 5 1 0
1 19 60 3 20 28 41 18 36 10 21 3 7 27 68 3 13 9 13 8 29 11 17 6 5 1
-1 23 44 6 16 8 12 9 11 18 17 5 5 24 46 5 12 8 13 12 13 11 16 6 0 0
1 21 42 6 10 16 34 11 25 15 18 6 3 20 57 8 24 10 13 13 20 13 18 3 2 1
1 26 60 5 17 9 15 16 23 17 20 9 4 25 54 6 19 14 21 9 21 13 17 8 5 0
1 34 63 6 14 3 11 13 27 24 13 2 3 25 58 5 13 11 15 10 21 8 11 2 5 1
1 27 51 2 12 25 32 11 27 15 17 6 2 25 62 7 25 17 21 10 17 17 8 4 0 1
0 21 49 3 11 3 9 12 21 12 14 4 4 18 48 4 13 5 7 10 20 13 14 4 2 1
-1 35 68 2 11 14 20 10 30 23 24 7 2 29 71 5 16 21 29 15 25 15 17 13 6 1
1 21 49 3 12 21 28 13 26 12 17 1 4 19 54 1 13 19 25 14 15 5 9 4 4 1
-1 25 62 8 24 14 19 14 17 14 9 4 4 37 68 14 23 9 12 15 24 19 9 3 1 0
1 21 47 4 9 6 11 8 17 9 15 5 1 27 58 6 16 7 11 16 20 21 11 11 9 0
1 24 57 4 13 10 16 11 27 18 12 2 2 24 53 6 17 22 38 11 27 11 8 6 1 0
-1 25 56 5 19 14 19 12 22 18 18 4 0 29 57 8 21 10 22 13 22 12 14 9 2 0
1 23 53 5 15 4 15 6 24 16 13 4 1 27 61 10 27 7 17 16 33 12 13 9 4 0
-1 15 43 2 12 16 18 10 19 11 13 2 2 17 47 5 13 16 18 10 19 8 12 2 0 0
1 31 59 1 7 17 27 13 27 21 13 5 0 26 60 4 18 19 26 11 19 8 10 8 1 1
1 24 60 5 17 9 17 12 24 15 23 6 4 24 60 7 25 19 20 12 27 18 18 9 1 0
1 33 50 5 12 12 17 4 22 20 28 5 1 38 71 13 26 18 22 12 17 23 12 15 0 0
1 24 48 6 13 12 17 5 26 10 11 7 1 19 48 2 14 9 15 8 21 10 14 4 4 1
-1 23 55 2 14 12 19 12 13 11 12 6 1 23 41 8 10 19 26 8 22 17 15 3 2 0
1 29 64 6 14 13 21 13 26 13 12 4 1 28 68 6 28 16 21 15 26 14 12 3 1 0
-1 23 53 4 12 10 13 12 20 9 13 4 2 30 62 12 26 3 5 12 20 16 7 5 2 0
1 20 44 7 15 9 14 7 22 14 18 7 3 21 52 6 14 17 21 12 21 13 12 12 1 0
1 22 47 3 12 12 17 13 20 8 20 7 1 18 47 9 23 15 25 12 12 13 15 9 1 0
0 31 60 7 16 14 21 13 20 16 15 3 3 30 57 7 18 24 32 12 19 15 13 6 3 0
1 24 54 7 20 9 17 18 23 16 18 5 3 18 43 2 14 15 20 5 16 7 15 6 1 1
1 27 60 9 21 12 15 16 33 17 22 2 1 20 55 9 25 11 21 7 17 12 16 4 2 1
1 25 57 5 15 21 27 10 24 12 11 6 6 27 65 4 17 7 10 15 23 12 17 3 2 1
1 23 41 4 6 25 31 6 20 14 18 7 2 24 59 1 17 13 18 17 15 6 19 6 1 1
0 23 60 5 22 13 21 14 19 13 21 9 2 24 53 2 8 24 30 14 27 10 22 4 7 0
1 30 56 5 15 20 23 12 29 12 16 2 4 34 66 7 25 8 15 8 15 20 5 8 1 1
1 27 46 6 15 21 30 8 20 16 16 4 1 28 60 7 20 16 20 15 16 11 14 2 2 1
1 22 57 10 27 10 15 14 24 16 18 2 3 26 58 8 20 16 20 10 23 16 12 7 4 0
1 30 63 8 22 12 19 18 25 19 19 5 1 28 59 10 16 19 26 10 17 19 10 10 3 0
-1 22 57 7 16 19 24 12 23 13 11 7 3 22 49 3 12 15 20 7 26 10 16 5 1 1
1 27 63 7 21 19 32 13 30 15 11 7 2 32 67 6 22 7 13 9 30 16 14 3 3 1
1 33 63 10 19 19 31 16 18 18 11 5 2 34 63 8 19 10 15 13 20 13 17 3 1 1
-1 31 61 6 20 18 21 12 29 16 14 6 3 28 67 6 22 20 30 16 19 20 9 6 2 1
1 25 58 5 16 18 27 10 31 9 23 7 1 26 63 4 13 20 25 9 28 14 17 7 6 0
-1 24 59 3 12 13 17 14 23 9 20 6 2 27 60 5 10 16 20 10 23 16 17 5 2 0
-1 20 66 5 27 6 9 10 22 11 6 4 5 26 51 1 6 11 21 8 35 14 12 3 4 0
-1 22 50 8 17 20 28 11 25 10 21 7 4 28 62 8 20 5 13 12 19 12 19 12 3 1
-1 20 46 4 14 14 23 7 27 13 14 3 2 21 52 5 20 9 17 6 23 7 10 7 2 1
1 25 52 3 11 17 21 7 27 15 23 6 5 28 74 6 22 20 27 22 21 13 12 10 3 0
1 32 53 13 21 18 24 5 24 20 13 9 1 24 58 13 26 15 20 11 17 14 17 6 0 1
-1 28 66 10 29 7 12 14 17 12 15 11 2 31 62 6 13 15 17 15 24 11 19 6 4 0
-1 28 55 3 12 18 23 10 32 13 16 6 1 25 69 3 14 9 17 17 20 18 13 8 1 1
1 22 66 3 21 18 19 12 29 12 18 3 2 28 57 5 14 17 28 7 33 12 9 11 2 0
1 34 56 5 12 17 25 12 30 22 15 9 3 27 65 10 24 5 10 12 14 12 12 5 1 1
-1 24 52 14 23 13 22 13 29 20 18 7 4 25 63 7 22 8 16 14 20 18 13 12 3 1
1 22 60 5 23 20 25 14 19 14 8 8 1 22 50 4 13 13 14 8 25 13 16 1 5 1
1 27 50 3 14 16 20 12 30 13 17 4 4 22 57 7 22 10 18 10 12 9 9 4 3 1
0 25 67 7 27 15 18 14 25 11 18 7 2 25 51 7 16 22 28 5 30 14 19 10 5 0
1 33 60 3 14 14 19 10 23 21 12 9 2 24 50 8 18 14 24 9 20 8 19 3 0 1
1 17 46 7 25 13 16 13 28 10 12 4 2 17 54 6 21 7 12 10 19 8 5 6 0 1
1 20 35 8 15 8 12 10 17 12 16 5 2 16 41 5 13 0 0 8 8 8 13 6 3 1
0 26 67 7 18 21 31 16 21 12 14 7 5 31 58 8 17 18 28 12 28 12 19 6 5 0
0 19 45 7 16 12 16 10 19 14 18 7 1 24 56 1 10 7 8 13 15 11 15 6 3 1
1 24 50 10 21 15 23 15 21 14 17 6 6 22 61 9 23 12 13 18 18 11 14 3 1 1
1 23 39 7 16 16 24 11 17 18 15 2 4 19 36 5 10 14 19 3 9 5 10 5 1 1
0 24 46 4 10 15 23 9 22 11 19 10 3 19 51 6 16 12 17 14 19 14 18 3 4 1
-1 25 56 10 21 8 14 10 25 16 16 11 2 23 55 5 23 10 14 11 23 12 18 6 5 1
1 32 61 1 13 9 18 13 19 16 9 3 2 28 52 10 16 6 7 6 19 13 13 1 1 1
1 37 55 5 12 7 10 12 31 28 21 1 8 21 67 5 22 9 13 18 7 9 12 9 2 1
1 27 53 7 16 10 15 11 25 18 14 6 8 14 48 3 11 23 31 13 18 10 13 5 3 1
-1 18 49 5 17 20 24 10 15 5 11 3 0 24 46 6 10 14 16 8 24 11 16 3 3 0
-1 31 51 6 14 17 24 11 18 14 22 6 1 31 59 2 9 15 18 11 15 20 18 10 1 1
-1 18 50 1 15 24 29 11 27 7 13 4 2 25 53 4 10 6 13 6 23 18 13 1 1 1
1 25 50 6 22 7 16 9 24 18 12 4 5 23 53 7 12 8 13 8 19 13 11 4 3 1
-1 26 51 10 23 3 5 8 18 19 19 3 0 28 58 5 18 8 13 14 18 16 14 3 1 0
1 21 46 6 20 18 21 9 24 16 19 6 3 13 44 1 9 18 25 9 18 7 18 7 2 1
-1 19 53 5 24 13 16 15 24 8 13 3 2 22 49 7 18 9 13 5 23 13 10 8 3 0
-1 19 46 4 16 14 21 8 27 9 16 6 4 19 59 3 17 8 15 17 19 9 12 2 1 1
-1 24 55 3 19 12 18 13 26 16 11 5 4 17 48 7 16 13 20 10 21 11 14 3 4 1
1 23 47 8 20 15 25 7 22 14 14 9 4 22 48 4 14 12 17 8 23 9 18 2 2 1
1 26 53 10 23 22 29 10 17 19 17 9 0 29 50 2 8 13 17 5 21 17 19 12 3 1
-1 19 42 2 9 10 13 6 28 6 13 6 1 14 51 0 7 2 5 11 18 5 13 5 3 1
1 22 52 4 21 19 29 16 18 13 20 8 0 19 48 4 12 28 34 10 16 12 15 7 3 0
1 24 60 10 23 10 18 16 19 10 14 4 2 27 48 3 9 14 19 3 21 12 12 6 5 0
1 27 48 10 20 14 17 7 25 15 13 3 3 26 56 7 17 1 1 5 15 16 11 1 4 1
1 25 47 4 14 16 18 7 24 13 11 2 3 21 51 4 15 7 11 9 17 12 12 4 2 1
-1 20 46 7 16 20 26 8 23 10 14 9 3 19 49 6 13 14 17 7 21 13 14 3 4 1
-1 29 58 8 17 9 13 15 18 15 7 5 2 18 41 5 9 13 19 9 15 11 15 2 6 1
0 28 53 10 16 13 22 14 25 17 16 7 2 17 53 5 16 8 11 11 14 7 18 10 7 1
0 28 56 5 18 10 14 11 21 14 11 9 3 23 55 3 5 10 12 12 18 5 15 6 4 1
0 26 49 7 16 12 15 8 18 16 11 4 2 19 48 3 9 11 14 12 16 4 14 4 1 1
1 28 56 5 15 21 30 14 17 16 13 7 3 26 45 10 15 7 10 3 18 16 23 3 1 1
0 29 66 2 18 13 24 14 24 13 8 8 1 22 50 6 15 18 25 10 27 14 17 3 5 1
0 31 53 8 20 18 31 12 21 16 12 8 0 24 56 7 20 18 23 13 18 13 16 7 3 1
1 30 67 13 26 15 24 12 26 22 10 15 3 23 63 3 12 9 13 17 28 9 23 2 1 1
1 26 47 2 12 7 14 9 30 10 13 5 5 15 50 5 17 3 5 6 16 8 12 7 1 1
1 28 61 8 15 14 20 13 27 14 21 10 3 21 56 5 17 7 8 7 24 9 28 7 1 1
0 25 51 7 15 8 16 9 14 8 13 10 4 25 51 3 11 9 11 14 20 11 20 5 1 1
1 29 57 6 15 10 18 9 24 13 14 7 2 17 53 4 19 15 17 14 24 10 17 4 0 1
1 27 50 4 11 17 21 7 25 16 13 5 7 26 55 2 13 7 18 7 20 24 13 6 3 1
1 33 56 11 20 15 19 12 16 19 13 12 4 23 50 1 10 8 11 11 13 9 23 2 6 1
1 18 55 8 19 11 15 14 26 8 11 6 5 19 44 3 12 11 19 4 24 10 10 3 8 1
1 40 67 12 25 4 5 8 20 29 13 12 4 28 55 5 15 13 17 11 20 14 22 6 2 1
-1 23 48 7 18 18 24 9 25 12 14 7 4 22 57 3 14 9 16 13 19 10 12 8 4 1
1 23 55 8 23 12 18 15 20 11 17 10 1 22 46 5 15 19 21 5 17 10 14 6 0 0
-1 22 57 9 24 12 19 10 27 11 12 4 1 24 53 9 17 7 14 5 25 10 11 4 5 1
1 22 50 7 25 9 12 13 19 12 15 7 4 20 45 5 11 5 7 6 16 12 16 6 1 1
1 27 55 7 21 12 20 11 22 16 12 5 4 22 56 3 15 22 25 13 24 15 12 7 1 1
-1 25 50 3 14 9 15 11 25 14 10 4 2 18 49 4 15 6 9 7 18 12 9 3 1 1
1 27 63 5 16 9 15 12 16 14 8 12 3 23 50 7 14 22 33 14 26 12 14 5 7 0
1 28 49 8 14 5 12 7 25 13 14 7 8 21 57 8 20 7 7 11 17 7 13 6 1 1
1 34 59 7 15 7 13 9 28 24 12 10 2 16 51 1 9 2 8 9 20 9 21 4 2 1
1 22 49 2 17 24 31 15 18 11 12 2 2 28 52 6 13 3 5 7 17 13 14 4 2 1
1 24 62 6 23 11 14 17 27 12 15 5 2 25 61 8 24 12 15 11 22 18 9 10 6 0
-1 24 53 8 22 11 17 16 17 13 11 5 5 23 48 5 12 10 15 10 18 17 9 5 3 1
-1 31 59 13 28 6 6 6 23 25 8 6 5 26 58 4 12 10 14 12 19 13 11 2 0 1
1 33 54 2 8 17 25 9 14 17 9 7 2 26 43 8 13 15 17 3 17 17 13 2 0 1
1 28 58 9 16 10 15 11 20 17 9 8 3 24 47 6 12 7 10 5 22 15 16 3 7 1
-1 22 43 2 13 7 12 1 25 11 11 5 5 18 48 1 10 8 9 6 22 7 14 6 3 1
1 20 64 7 22 4 7 11 18 9 9 7 2 22 54 3 8 14 17 12 32 12 16 6 5 0
0 23 55 8 25 15 29 16 16 12 14 5 3 24 50 8 18 20 25 11 22 12 14 6 1 0
1 24 47 6 15 15 20 8 24 15 18 8 3 18 52 6 18 6 7 10 18 8 22 5 2 1
1 32 69 5 19 14 23 16 33 20 16 8 3 20 51 4 12 8 19 5 25 9 23 4 2 1
0 23 61 4 13 21 30 19 25 14 18 8 2 22 55 1 11 14 18 8 21 13 21 6 8 1
0 23 58 3 10 19 31 22 15 10 13 7 1 23 44 3 11 14 15 7 21 17 18 4 8 1
1 29 53 8 21 15 23 9 30 17 12 6 5 20 57 4 16 3 4 7 18 5 15 5 0 1
1 28 55 6 23 21 26 10 24 19 11 9 3 19 50 8 25 14 22 12 18 10 19 5 1 1
-1 23 52 6 21 9 11 6 22 18 9 2 5 28 59 5 14 2 5 9 25 13 9 5 1 0
0 25 46 4 10 21 30 11 26 14 15 6 0 25 54 12 27 1 4 4 14 16 11 6 0 1
1 31 62 11 26 16 17 18 25 17 10 5 6 21 56 4 14 3 3 10 14 8 14 2 0 1
1 27 51 5 17 18 21 9 21 18 11 8 2 20 54 4 14 8 10 12 18 7 20 5 1 1
-1 24 49 4 10 17 22 11 36 15 18 6 4 21 67 6 31 6 8 11 18 10 8 8 6 1
1 33 62 6 18 4 5 15 16 20 11 7 6 18 37 8 15 4 6 2 14 11 21 3 1 1
-1 27 54 9 16 13 17 9 22 14 10 8 2 27 63 3 11 10 12 15 20 9 10 3 2 1
-1 27 60 3 17 13 16 15 28 14 13 6 2 21 58 5 16 11 14 11 19 12 12 3 1 1
1 24 46 2 10 19 21 6 26 13 17 5 3 23 55 2 10 7 14 9 17 9 15 6 0 1
1 30 52 4 9 17 21 11 22 15 13 6 2 26 50 13 21 9 14 4 14 14 13 4 3 1
-1 22 66 8 26 11 16 25 14 10 14 15 0 28 46 4 9 12 17 8 22 20 19 5 4 0
-1 26 53 9 21 19 24 13 23 14 8 1 5 28 58 7 19 12 15 10 14 14 5 3 0 1
-1 27 54 3 15 28 36 10 31 16 11 8 5 22 60 5 11 13 18 9 21 9 12 6 5 1
1 31 53 8 12 14 20 12 24 18 12 11 4 18 47 7 21 8 12 6 14 14 16 6 2 1
1 32 56 2 10 16 20 9 26 12 8 10 2 24 50 2 9 10 17 6 16 13 12 6 3 1
-1 27 49 2 8 11 15 12 17 13 15 7 3 23 44 5 14 8 15 7 13 14 14 11 1 1
1 21 61 1 16 18 21 16 20 9 16 8 7 26 59 3 7 16 30 18 26 12 16 8 5 0
-1 21 62 2 10 12 21 19 19 8 10 13 3 20 43 2 11 4 6 5 26 8 22 3 7 1
1 32 58 5 14 15 19 15 28 20 15 4 10 19 55 2 8 9 13 11 13 6 14 2 2 1
1 26 52 2 8 21 31 9 22 13 12 15 5 24 54 9 18 8 13 10 20 12 19 4 0 1
-1 24 49 10 20 12 13 8 26 19 14 8 5 18 44 6 16 7 12 3 17 12 13 6 5 1
-1 23 47 4 13 18 26 10 22 7 14 4 4 24 51 4 13 14 20 9 19 16 11 5 1 1
1 28 62 5 13 16 24 10 26 11 11 5 3 29 64 3 8 6 8 8 30 13 14 2 3 1
1 27 61 7 19 20 23 14 19 18 9 7 4 28 50 5 13 19 21 4 23 12 12 3 2 1
0 32 60 14 25 10 16 7 22 19 10 12 4 24 51 4 15 14 17 5 25 14 18 6 0 1
0 20 51 3 18 14 19 11 18 7 8 7 4 20 47 4 14 10 15 11 23 8 13 4 5 1
0 27 71 4 15 9 23 21 22 8 4 6 3 23 48 5 11 13 21 5 30 12 10 2 5 1
1 32 62 8 22 10 18 18 24 14 24 14 5 21 50 4 12 12 20 8 14 8 27 9 2 1
1 23 51 5 18 13 20 11 18 5 7 3 5 20 41 7 15 12 14 3 20 10 9 2 2 1
0 21 50 5 16 5 11 15 23 11 17 1 4 23 53 5 20 4 6 8 17 15 10 8 4 0
0 26 53 6 14 19 26 9 20 18 11 12 3 22 47 6 11 10 15 10 25 14 23 5 1 1
1 34 52 9 19 12 17 9 24 18 16 11 5 15 43 3 12 21 27 7 13 7 17 4 2 1
1 26 66 7 19 5 10 20 19 11 13 9 2 24 55 9 20 11 19 15 23 12 13 6 6 0
1 35 60 5 14 10 20 12 21 22 19 13 4 27 57 4 15 9 14 13 16 11 23 8 1 1
0 32 58 3 17 5 10 12 23 19 11 6 2 19 46 5 19 11 19 7 18 8 13 3 1 1
1 26 66 11 33 12 21 18 31 15 10 6 5 13 52 1 17 17 25 10 25 8 15 2 0 1
1 27 55 6 19 16 22 15 16 14 11 8 2 23 46 5 16 8 14 11 16 6 20 3 0 1
1 41 68 13 24 18 21 14 17 20 10 20 2 23 43 5 13 11 18 7 15 11 29 3 0 1
1 29 62 5 17 15 21 9 31 21 13 13 5 21 57 2 14 11 19 10 26 6 21 5 3 1
-1 26 56 9 24 8 12 12 19 15 11 9 1 17 39 4 16 8 12 4 21 7 20 6 2 1
-1 25 46 13 22 20 23 6 18 17 15 9 4 24 54 8 18 18 25 15 16 15 16 8 1 1
-1 21 50 8 20 14 19 8 18 8 7 4 1 24 49 3 9 9 15 8 23 8 8 0 3 1
1 28 47 7 17 20 25 7 24 20 10 5 3 24 55 4 10 8 12 10 14 12 11 4 1 1
-1 22 52 7 25 7 8 9 19 13 10 3 4 22 47 3 17 14 17 7 22 8 8 0 0 0
-1 23 47 9 16 6 10 6 16 12 4 4 4 23 48 5 14 8 9 10 20 13 7 0 2 1
1 28 63 9 24 10 15 13 20 15 14 9 4 23 51 4 12 36 43 12 24 11 15 8 1 0
1 28 51 4 10 21 23 8 26 14 17 16 4 22 49 9 15 13 20 7 16 16 21 4 1 1
1 38 60 11 15 10 16 9 26 21 13 10 2 20 52 7 21 16 23 10 17 13 19 8 4 1
1 24 53 5 15 23 31 12 23 16 18 9 2 23 50 1 7 13 20 8 22 9 23 13 3 1
1 34 60 7 15 14 18 6 30 19 6 4 6 25 63 6 16 7 10 11 20 12 11 3 0 1
1 25 51 8 18 9 12 7 13 12 11 12 1 24 40 11 18 15 18 6 20 22 17 4 4 0
1 29 59 9 25 5 7 12 15 16 20 10 0 27 54 7 16 23 30 15 19 13 18 10 5 0
1 31 64 8 17 15 18 12 24 16 15 7 0 34 68 4 8 4 10 13 23 15 17 8 2 1
-1 29 55 8 18 15 20 7 16 17 8 9 3 30 51 8 15 14 17 6 22 17 13 4 4 0
-1 29 56 8 16 10 14 10 19 15 9 4 1 24 49 7 14 16 20 7 18 13 12 3 1 1
-1 28 65 7 18 9 16 14 20 19 6 4 3 24 51 7 19 13 16 10 25 18 14 3 3 1
1 31 53 10 19 7 8 10 23 22 8 1 9 23 54 4 11 4 5 8 12 6 9 4 2 1
1 37 65 6 14 14 15 17 28 21 16 10 8 26 67 12 29 4 9 15 12 14 16 5 1 1
0 19 48 6 14 20 24 9 29 9 10 7 1 18 60 4 15 13 18 15 22 11 10 5 4 1
0 19 70 5 26 12 16 23 18 13 18 14 1 23 45 3 5 16 30 13 30 12 24 10 3 0
-1 26 84 5 29 8 17 20 35 19 11 7 5 26 65 3 15 13 20 8 45 11 19 8 1 0
1 32 54 4 13 7 14 10 29 17 21 7 7 22 54 7 19 13 25 9 16 9 16 11 1 1
1 25 46 8 19 13 15 4 22 13 11 7 7 19 46 2 8 12 17 9 17 6 17 6 0 1
0 18 55 5 23 6 14 14 15 13 16 8 6 26 48 11 19 11 14 9 26 14 17 3 1 0
0 25 53 7 19 10 17 11 23 16 17 5 2 19 48 7 24 24 33 11 18 6 13 5 1 0
0 27 59 3 20 11 22 11 19 17 11 5 3 30 56 5 10 14 24 12 27 15 13 5 1 0
-1 22 61 6 17 11 19 16 20 11 15 8 5 28 63 5 17 12 17 16 27 12 14 8 5 0
0 22 63 4 20 6 13 13 28 12 10 7 1 28 59 9 24 7 12 7 32 11 12 5 8 0
1 37 66 7 14 19 30 14 26 19 11 10 6 21 54 11 22 15 22 6 25 17 20 2 2 1
1 28 57 9 18 8 12 9 18 16 11 11 3 30 59 9 17 15 19 13 23 18 12 7 0 0
1 24 47 9 15 18 23 7 27 16 19 5 9 23 56 5 13 12 20 8 18 12 11 6 3 1
1 26 50 3 12 11 15 10 25 18 13 9 4 19 53 2 7 9 12 9 16 6 12 7 2 1
1 22 35 11 17 17 28 3 22 17 14 1 6 25 56 9 25 11 14 8 15 11 6 3 2 1
-1 20 49 3 15 20 30 9 22 13 15 6 4 28 58 6 15 15 21 12 26 14 11 7 6 0
-1 26 53 9 20 15 26 9 26 18 17 3 7 31 70 2 18 11 14 11 23 18 9 6 3 1
1 23 42 6 16 7 10 5 25 13 23 10 3 25 53 6 14 14 23 10 15 12 13 10 0 0
-1 15 45 3 20 13 21 4 18 5 12 4 2 26 50 6 14 9 14 7 30 13 13 5 3 0
1 21 39 3 9 17 26 8 18 12 16 8 2 22 51 7 19 10 12 13 14 13 15 6 2 1
1 26 44 6 13 16 28 6 26 17 14 6 6 21 59 10 28 10 15 14 20 10 14 2 0 1
1 25 64 10 33 6 11 14 23 18 11 6 3 24 56 8 19 15 21 13 28 17 12 6 3 0
-1 23 35 4 9 12 15 2 27 16 20 5 1 19 51 5 23 9 17 11 12 11 14 10 1 1
1 27 57 5 13 18 26 14 21 19 5 6 6 26 58 11 22 10 13 13 20 13 10 2 3 1
-1 21 44 4 13 12 20 7 16 13 16 8 3 29 53 10 24 4 8 10 21 16 14 5 0 0
1 24 61 7 26 9 18 21 25 7 20 6 3 25 54 6 16 12 19 8 17 10 15 11 2 0
-1 29 44 6 12 7 13 5 22 17 15 8 6 18 50 3 19 12 15 12 13 8 14 9 1 1
1 25 54 3 17 15 23 7 16 16 18 3 2 35 59 11 21 16 20 7 26 21 14 9 0 0
1 25 48 6 19 9 14 6 18 20 12 6 7 20 58 3 20 13 15 21 19 10 16 6 2 1
-1 28 51 8 26 4 6 5 21 20 12 5 3 26 56 10 14 8 13 13 20 12 7 3 0 0
1 25 55 5 16 18 26 11 22 13 14 5 2 23 45 9 22 23 33 7 26 15 15 7 4 0
1 17 52 4 20 8 12 12 18 13 10 4 3 20 49 5 23 11 17 14 25 18 13 8 5 0
0 25 47 6 18 19 25 11 24 17 15 8 5 26 65 4 19 13 17 16 16 8 11 5 2 1
0 25 52 7 22 15 20 7 16 18 15 9 3 30 50 6 16 19 21 4 23 14 11 7 1 0
1 29 51 5 17 20 32 9 30 19 22 17 12 18 62 2 12 12 21 18 20 6 27 9 2 1
1 30 57 5 16 14 25 15 20 21 13 7 2 26 51 5 12 12 17 8 18 10 18 9 3 1
1 24 51 5 13 4 7 2 36 15 12 4 5 15 60 3 23 11 17 12 27 4 7 5 0 1
0 24 59 4 15 18 24 10 28 12 13 4 7 25 62 4 14 28 34 14 29 11 7 10 7 0
0 34 69 7 16 10 12 16 27 17 21 7 7 31 64 10 22 17 26 13 15 17 13 9 5 0
1 28 58 6 14 14 22 12 25 13 19 7 3 28 55 5 11 16 30 10 22 16 15 10 5 0
-1 20 64 4 18 13 17 18 21 9 16 4 4 26 50 5 15 9 18 10 29 12 17 6 3 0
1 24 53 7 21 17 25 13 26 18 8 3 8 21 50 5 15 14 20 6 18 8 8 6 1 1
1 29 62 7 18 9 17 20 24 15 14 4 7 28 64 8 17 3 4 10 19 16 7 9 0 1
0 29 61 6 16 22 36 16 17 17 10 4 1 27 51 4 17 21 31 12 23 5 19 2 3 1
1 26 54 2 13 21 30 13 26 14 10 7 9 23 65 7 16 6 13 19 19 10 13 0 2 1
1 26 54 10 20 12 23 10 27 17 17 4 9 29 65 7 12 8 11 10 23 13 11 8 1 1
1 29 58 6 18 16 24 10 22 20 15 10 5 25 56 3 8 18 21 10 25 12 15 5 5 1
-1 18 51 2 11 25 36 12 21 11 10 5 0 29 58 4 15 12 15 10 24 17 9 4 1 0
1 19 48 2 9 12 16 5 23 8 17 4 2 25 54 5 16 8 16 9 25 11 11 9 1 0
-1 23 47 4 14 12 19 10 31 11 21 4 2 20 62 3 16 14 23 16 18 9 10 15 4 1
-1 25 50 9 24 8 13 12 25 11 18 4 3 23 61 6 17 7 8 13 17 13 11 10 3 1
1 30 60 10 24 16 25 14 21 16 13 5 2 29 50 1 5 25 34 5 21 11 9 6 1 1
1 19 49 5 16 25 33 10 27 12 8 4 6 20 65 7 22 10 15 19 25 8 11 3 3 1
1 24 58 2 15 24 31 11 24 15 19 8 2 26 50 6 10 27 36 5 25 15 17 9 2 0
-1 26 56 5 17 16 23 11 31 20 14 3 10 25 67 7 17 15 24 16 22 18 9 6 5 1
1 24 50 4 12 12 18 12 27 17 8 2 6 20 51 1 9 9 17 8 17 11 5 6 2 1
1 18 37 3 12 27 41 15 25 14 22 5 7 25 63 4 10 5 7 14 14 8 10 13 2 1
1 24 54 5 15 11 20 15 26 19 13 5 5 21 53 6 21 6 10 8 20 12 11 6 2 1
1 19 39 4 14 27 37 12 26 14 26 7 16 23 70 4 11 11 17 24 13 12 16 11 1 1
-1 22 47 9 17 16 25 10 25 13 17 3 2 24 54 9 19 8 14 7 19 13 12 5 1 1
1 25 54 7 18 15 18 12 20 10 18 5 6 29 63 3 10 15 22 16 20 13 11 7 5 0
1 26 50 8 19 11 17 7 23 22 9 11 10 21 50 7 15 4 9 10 19 12 16 6 2 1
1 28 53 2 11 13 17 7 33 18 8 1 10 17 54 4 19 11 17 7 19 7 6 2 3 1
1 23 58 5 13 12 13 13 27 9 18 7 6 22 61 6 15 20 28 18 22 13 13 5 5 0
-1 21 54 2 17 14 15 12 26 13 14 4 7 21 52 4 13 8 14 8 21 15 13 5 2 1
0 19 54 4 13 17 25 14 23 8 12 5 4 27 55 5 13 17 21 8 25 10 9 9 4 0
-1 24 59 2 15 8 12 9 26 12 10 7 6 27 59 10 15 5 7 7 27 12 12 6 1 0
-1 25 67 4 20 12 18 19 13 17 12 9 0 35 49 10 11 6 13 6 26 18 19 7 3 0
0 16 44 8 14 16 21 6 15 8 14 12 4 24 47 7 16 17 22 10 24 15 18 7 2 0
0 23 55 4 17 13 17 12 12 11 12 8 2 29 47 7 14 14 20 10 22 14 14 6 4 0
1 22 51 4 14 14 22 10 25 11 7 10 8 15 48 3 9 6 13 12 24 5 15 3 2 1
-1 22 57 5 10 10 20 17 13 9 7 6 1 29 53 7 19 4 7 12 22 13 11 6 3 0
0 28 56 8 15 13 24 14 24 15 9 4 4 26 58 12 31 9 12 10 21 18 10 6 1 1
1 18 43 6 12 18 26 7 25 13 13 6 6 15 58 5 22 12 17 19 23 5 12 7 3 1
0 32 61 3 17 15 26 11 39 20 10 6 9 13 55 4 22 9 19 9 25 8 15 2 1 1
1 34 62 9 18 12 18 12 28 22 7 11 5 21 55 9 21 9 13 8 18 12 13 1 1 1
1 27 61 2 7 15 19 16 26 13 13 5 8 18 54 10 27 17 21 10 20 10 11 7 6 1
1 20 51 4 15 15 24 9 25 9 11 6 2 19 55 9 24 13 16 12 26 12 14 3 3 0
1 26 56 7 11 10 11 10 12 16 13 5 1 34 52 6 13 11 15 5 19 28 9 3 3 0
0 24 55 1 9 16 22 9 28 12 9 10 5 21 58 3 17 13 19 14 25 10 16 2 0 1
0 31 57 4 13 9 17 13 18 18 8 8 3 20 41 9 18 9 17 6 17 11 15 4 3 1
-1 26 51 3 7 11 12 13 31 11 14 3 4 18 50 2 6 9 21 8 11 5 6 6 3 1
1 34 59 7 12 9 12 9 16 21 13 7 3 29 50 4 9 25 33 8 17 16 12 8 2 0
1 27 61 4 13 10 21 15 22 9 12 6 6 20 57 7 20 28 32 15 22 9 10 4 2 0
1 27 46 9 16 13 22 7 27 19 14 10 4 17 46 5 16 10 15 4 19 7 14 8 0 1
1 31 52 9 13 6 9 5 22 26 12 10 6 23 50 7 15 7 14 9 18 11 14 6 2 1
1 27 61 5 12 10 15 14 20 14 14 10 3 26 50 4 10 15 20 8 21 10 16 5 4 0
-1 22 48 4 14 15 24 5 25 11 10 9 5 20 53 8 22 12 14 9 28 8 15 5 1 1
1 25 49 5 13 17 27 9 26 16 19 15 11 22 56 4 10 13 17 12 20 12 22 11 3 1
-1 23 58 4 14 13 18 10 21 7 11 6 1 27 52 2 5 17 21 8 28 16 14 4 2 0
1 25 57 3 6 11 15 14 32 12 14 5 1 22 56 3 15 7 12 5 20 13 9 9 3 1
1 24 56 6 17 9 13 14 25 18 16 7 6 24 66 4 13 14 16 19 20 11 11 10 1 0
-1 26 52 5 16 9 13 8 18 12 13 9 0 20 49 7 17 10 14 11 21 14 18 4 0 1
1 25 61 2 7 11 18 11 26 11 14 7 2 18 47 6 18 23 32 8 24 7 15 4 3 0
1 32 55 11 16 3 6 8 25 26 9 8 7 17 49 2 13 10 21 12 16 8 13 7 5 1
1 27 58 6 18 15 21 12 26 15 14 9 4 27 62 9 22 6 11 12 23 20 14 10 1 1
0 19 56 4 15 13 15 11 31 10 11 7 6 15 52 2 15 8 13 8 25 7 11 3 1 1
0 23 59 2 12 10 16 8 22 10 13 13 5 15 43 5 15 31 36 7 32 7 19 7 6 0
1 27 56 4 16 28 41 21 31 17 16 5 5 19 60 5 26 16 26 17 16 10 15 10 2 1
1 28 74 2 12 22 27 12 32 14 9 11 3 29 73 10 22 11 21 18 37 17 18 6 2 1
1 36 61 9 16 19 24 10 31 27 13 8 5 27 63 7 18 9 15 8 18 10 12 8 5 1
0 27 66 5 19 11 16 16 24 18 13 6 4 30 55 7 14 11 15 5 26 15 14 10 8 0
0 19 45 2 11 20 30 10 24 5 10 6 2 22 59 6 23 6 10 14 20 15 10 4 2 1
-1 24 53 5 13 15 24 9 26 16 9 4 3 24 54 9 25 13 20 10 25 14 10 8 1 0
1 34 64 4 12 10 14 10 37 26 16 11 9 24 73 5 26 3 5 13 22 13 16 9 1 1
0 27 64 8 20 7 11 12 22 16 14 6 1 27 54 11 27 13 14 6 25 18 15 7 4 0
0 26 63 2 11 11 17 11 27 11 10 9 3 23 62 4 20 13 20 11 30 11 11 3 7 1
1 33 59 9 23 20 24 9 31 25 14 9 9 22 64 5 14 4 7 12 18 11 18 7 1 1
1 33 56 8 16 15 18 8 23 21 7 10 2 28 58 8 23 6 8 8 18 13 12 5 2 1
1 36 62 3 7 16 23 15 27 24 10 8 4 27 57 10 17 14 23 10 16 9 11 6 1 1
1 40 79 4 14 13 16 12 24 21 6 9 6 38 80 12 28 6 10 20 30 21 17 5 5 1
1 26 58 4 12 23 31 11 26 18 7 8 5 30 76 0 13 5 8 20 25 16 11 2 2 1
1 21 51 3 8 23 33 9 31 12 14 12 3 22 64 7 19 9 16 15 27 8 14 8 1 1
-1 22 55 5 15 8 13 10 25 9 8 6 3 21 54 4 20 7 11 11 26 15 12 4 2 1
-1 31 60 4 8 12 19 10 22 14 11 9 2 25 57 5 17 20 27 11 23 8 14 5 0 1
1 29 62 6 12 10 13 9 28 19 13 7 7 25 61 6 20 8 14 11 24 14 17 7 4 1
-1 27 58 3 11 10 13 7 24 17 15 8 4 27 60 6 13 16 22 13 27 17 16 8 1 0
-1 32 67 3 8 17 29 15 30 18 12 8 1 28 73 5 24 12 16 19 25 10 14 7 3 1
1 25 72 5 24 5 6 8 25 16 10 7 2 30 64 5 20 13 19 13 40 19 14 7 10 0
-1 26 68 2 19 17 25 12 24 17 7 11 3 31 65 4 16 9 12 12 32 13 17 3 5 0
1 22 66 2 9 13 18 15 21 9 10 13 1 24 57 2 15 7 12 14 32 11 19 7 3 1
1 31 50 6 16 8 11 5 17 22 13 12 4 22 54 9 25 9 14 15 16 17 19 8 1 1
1 23 61 9 19 8 12 10 23 14 11 3 3 32 64 2 11 10 17 12 29 21 9 7 7 0
-1 31 57 6 12 20 26 6 32 17 14 3 4 30 78 5 23 15 21 18 23 9 6 5 1 1
-1 25 53 6 12 19 28 7 30 18 15 10 3 24 68 5 14 6 11 17 25 12 17 9 4 1
1 28 66 8 22 15 18 13 30 21 13 7 8 29 72 7 25 9 14 18 28 14 14 11 6 1
1 29 62 7 17 9 11 8 21 17 9 11 1 24 54 10 22 11 14 9 25 13 16 4 4 1
1 22 57 8 29 9 12 10 13 10 12 12 5 28 57 3 12 14 19 21 25 13 17 6 3 0
-1 23 58 1 10 14 18 15 20 10 10 8 2 23 56 5 16 3 9 16 22 12 19 5 6 1
0 29 68 7 17 15 17 14 25 14 6 6 1 26 57 6 17 17 22 8 23 15 8 4 5 1
0 24 61 1 12 17 21 11 20 8 5 9 5 25 56 7 17 7 9 11 26 17 13 2 3 1
0 25 56 6 10 13 22 8 20 8 14 6 2 29 61 7 14 13 17 11 26 13 15 5 3 0
1 29 63 5 14 9 13 8 30 16 11 8 4 24 63 5 23 14 20 11 28 11 11 4 0 1
1 32 61 5 21 22 29 15 34 21 12 11 5 20 65 6 25 14 15 11 17 10 14 9 3 1
1 30 55 6 12 20 29 11 29 19 10 16 2 21 62 7 30 1 2 12 17 7 18 8 0 1
1 30 61 6 18 15 19 11 25 23 9 9 6 23 62 10 28 14 21 14 22 15 13 6 2 1
1 44 70 4 9 14 21 11 37 23 11 11 7 26 74 9 30 4 11 15 18 11 15 8 2 1
0 34 56 10 20 27 29 8 23 21 13 10 3 27 60 11 24 19 25 14 14 14 16 6 1 1
0 35 55 13 17 12 20 6 23 18 10 10 1 23 50 12 32 21 27 7 19 14 14 1 0 1
1 28 53 6 17 27 36 10 20 19 7 13 3 28 53 13 26 7 12 8 21 19 17 4 1 1
1 23 61 5 20 20 26 12 18 9 11 13 1 23 55 10 26 24 32 17 30 12 18 4 5 0
1 34 53 7 15 20 28 6 25 20 8 13 4 25 56 9 26 12 22 13 17 12 17 5 1 1
0 24 60 8 22 7 13 6 27 12 13 9 2 31 64 11 32 7 11 10 31 21 12 8 2 0
1 31 63 3 9 18 22 13 29 20 10 7 2 22 56 4 22 12 20 8 20 11 13 6 2 1
1 28 59 3 9 16 20 12 25 18 14 9 4 23 52 9 22 12 17 4 22 7 16 10 3 1
1 41 71 11 23 14 18 10 31 22 10 11 1 26 62 5 19 16 30 11 24 15 17 6 7 1
-1 26 65 4 13 19 26 16 20 16 9 12 3 28 52 6 18 17 26 11 26 18 17 4 2 0
1 27 59 7 12 26 35 11 31 12 10 8 2 24 56 10 25 14 23 5 24 10 14 5 3 1
-1 26 66 6 25 11 18 15 26 12 11 12 2 20 50 5 17 11 19 7 30 11 17 5 5 1
1 27 63 9 21 6 8 8 27 15 15 10 2 25 53 9 22 15 17 2 29 17 15 9 3 0
1 34 65 5 13 18 25 11 22 23 6 15 5 22 57 9 24 21 29 18 24 14 19 3 2 1
1 26 58 5 9 19 24 10 29 14 12 5 5 20 58 4 21 20 27 12 26 10 12 4 4 1
-1 23 51 3 12 21 25 10 19 14 16 9 3 21 53 8 24 18 19 9 15 12 15 8 3 1
1 22 57 6 21 17 24 9 23 11 13 9 4 24 50 8 18 15 26 10 29 17 18 7 4 0
-1 24 60 10 20 25 29 13 24 18 9 8 3 27 58 8 24 11 21 12 26 15 15 5 6 1
1 35 62 11 22 11 12 8 29 25 11 6 6 28 61 7 23 11 15 8 19 17 12 7 2 1
1 31 58 7 13 11 17 11 27 16 9 7 3 23 55 7 22 13 19 9 20 15 13 6 4 1
-1 33 58 8 16 12 22 7 23 21 6 8 2 24 55 7 18 11 18 9 25 17 13 3 3 1
1 26 58 6 19 16 21 12 14 16 12 10 0 28 45 11 20 16 24 6 22 17 15 5 6 0
-1 26 66 7 22 24 31 12 26 14 11 2 2 24 63 10 28 29 39 17 33 15 12 6 2 0
1 24 59 5 13 21 23 9 22 19 6 11 1 24 51 7 21 14 23 9 27 14 16 1 3 1
-1 32 59 6 14 21 27 9 20 18 8 9 2 31 56 9 19 11 15 6 22 16 13 4 0 1
1 18 54 5 23 14 20 9 28 11 12 7 1 21 57 10 29 21 32 14 32 14 10 3 5 0
0 30 53 8 16 14 21 8 26 18 14 9 2 24 55 8 26 7 10 8 21 9 17 6 2 1
0 30 46 3 13 21 30 8 27 15 11 8 2 20 51 6 21 13 19 8 14 9 12 4 0 1
0 25 58 4 12 21 25 8 30 16 8 4 3 28 61 9 22 6 16 8 29 16 7 7 3 1
