1 28 56 6 20 17 26 13 21 15 12 11 7 24 58 2 6 8 15 11 16 11 17 8 3 1
1 16 49 3 9 18 27 15 19 4 11 13 3 16 50 6 25 11 16 14 23 9 18 5 10 1
1 14 57 3 24 20 29 17 23 8 13 11 9 12 56 1 20 2 5 11 19 9 20 6 2 1
0 32 66 9 27 19 31 13 30 17 15 6 9 30 78 13 30 14 22 12 19 13 10 6 4 1
0 27 46 3 11 17 22 5 16 9 9 8 10 20 53 5 17 12 17 14 26 9 14 3 2 1
0 21 48 4 9 13 24 7 17 7 14 5 4 19 52 3 8 20 24 11 21 10 11 7 7 0
1 19 51 6 11 13 27 13 22 7 14 8 5 19 52 6 20 4 6 8 17 11 12 8 3 1
1 11 54 2 15 12 21 18 31 4 12 4 1 18 48 5 18 8 12 8 24 8 11 4 6 0
1 21 44 3 12 15 25 10 24 6 18 7 3 23 56 11 29 2 2 5 8 14 11 5 1 1
1 24 61 5 25 9 13 14 21 11 17 8 4 25 53 4 11 17 21 8 21 10 15 6 6 0
1 23 52 4 12 20 29 12 17 11 15 12 5 19 46 4 14 15 21 8 17 11 19 8 2 1
1 21 53 8 27 11 22 11 24 13 9 7 9 14 51 2 17 3 6 9 19 5 17 8 4 1
1 22 61 4 21 5 10 11 16 12 9 6 4 19 43 1 11 10 13 5 19 5 17 6 3 1
1 21 50 8 15 7 13 7 33 8 18 3 5 21 54 3 13 14 19 3 19 6 6 11 6 0
1 20 51 3 18 13 20 8 26 11 9 5 2 14 47 4 14 10 12 5 22 8 10 2 3 1
-1 18 49 5 17 19 25 7 20 7 10 7 7 18 43 4 14 12 13 4 15 9 11 2 3 1
1 21 52 2 12 9 17 10 20 14 11 4 2 19 44 6 16 3 5 3 11 12 14 6 6 1
-1 28 48 13 22 8 14 9 22 20 11 11 6 18 45 3 18 6 12 4 7 9 12 6 2 1
1 28 59 8 19 9 17 11 23 11 7 2 3 25 54 12 21 17 22 5 20 15 5 3 1 0
1 18 50 2 6 20 28 16 22 4 16 4 7 19 52 1 10 8 9 8 10 4 13 9 5 1
1 24 55 9 18 5 8 10 20 17 14 10 4 14 48 6 17 8 17 11 24 11 19 1 3 1
-1 24 54 6 17 11 16 16 11 13 13 6 5 25 54 4 8 9 13 12 9 10 10 9 3 1
1 20 56 2 19 4 8 14 28 6 13 4 3 18 44 10 24 15 19 6 21 9 6 7 1 0
1 24 55 10 20 9 13 6 27 14 8 10 5 17 48 3 26 4 10 4 20 12 13 5 1 1
1 24 49 4 16 20 26 6 27 11 12 4 7 26 66 2 19 9 14 12 23 6 7 6 1 1
-1 24 51 7 15 8 12 10 17 13 10 4 6 17 55 3 9 9 15 15 21 8 9 7 8 1
-1 28 47 3 10 15 28 9 19 14 12 9 1 19 43 11 23 7 9 4 13 6 21 5 1 1
-1 18 55 3 14 7 11 5 17 5 7 6 6 18 52 4 14 16 20 9 29 7 10 5 3 0
-1 25 59 5 14 5 10 7 24 10 6 6 5 21 49 5 11 11 16 7 25 11 11 4 9 1
1 27 62 5 15 8 13 9 20 14 6 9 6 13 44 4 9 13 17 9 27 4 18 1 5 1
0 21 48 7 14 18 28 7 20 10 7 4 3 26 55 5 13 7 15 9 21 7 7 6 5 1
0 23 52 5 12 5 9 5 24 10 6 4 4 17 53 6 20 3 5 10 26 9 8 1 8 1
0 15 46 4 17 9 10 9 22 8 4 2 4 15 42 8 20 7 9 5 18 9 6 0 2 0
