1 24 58 2 16 27 36 7 35 13 7 6 4 17 60 7 25 17 24 6 29 9 13 4 4 1
1 26 54 2 11 12 17 8 29 7 10 6 14 21 71 6 21 5 9 15 28 13 10 4 0 1
-1 23 58 2 13 22 37 15 32 9 18 16 6 23 64 6 19 9 16 10 21 12 20 7 7 1
0 22 60 8 24 14 23 14 21 10 14 11 3 27 51 4 14 15 25 11 26 14 17 5 2 0
1 26 53 8 20 10 16 3 35 17 14 5 11 21 70 8 25 7 11 10 34 12 11 5 2 1
-1 20 53 9 16 20 25 12 25 12 10 7 7 22 56 3 22 10 20 12 25 17 12 7 6 1
1 29 51 5 15 11 14 6 27 15 13 6 11 19 51 4 14 10 21 5 16 10 11 6 0 1
1 27 56 6 19 14 20 8 20 10 8 10 1 19 49 5 22 10 17 8 19 11 20 8 4 1
1 19 53 4 14 11 19 7 20 11 8 7 6 18 51 2 12 9 17 12 35 15 15 4 3 1
1 27 60 3 15 9 16 8 24 14 7 12 9 20 62 7 22 2 6 11 28 13 17 4 4 1
0 31 61 6 17 14 19 7 28 17 10 14 7 22 58 6 25 7 15 8 24 10 17 3 3 1
1 26 60 5 20 10 16 13 20 7 8 5 6 23 50 10 23 22 31 9 24 18 7 5 2 0
-1 25 54 4 14 15 19 5 16 10 7 7 9 26 54 7 12 14 20 7 23 8 9 3 4 0
-1 28 58 5 13 11 14 4 7 8 9 8 7 34 61 10 23 12 16 12 24 22 13 7 3 0
-1 27 53 10 17 19 25 5 22 13 10 6 2 25 63 6 21 14 25 16 35 13 10 5 3 1
1 20 53 2 12 25 32 5 11 11 13 13 4 18 51 10 30 25 29 13 28 9 21 6 4 0
1 22 60 6 23 10 13 13 23 16 12 11 13 19 60 8 26 11 15 13 22 13 13 6 3 1
-1 27 61 4 15 10 16 9 16 13 9 10 4 26 54 7 19 18 27 13 24 14 16 5 1 0
1 27 65 10 18 10 17 10 34 19 8 6 6 23 55 13 30 18 21 4 30 17 10 2 5 0
1 27 57 5 13 16 24 10 23 13 10 6 9 26 63 3 16 11 16 11 18 8 9 4 6 1
1 22 59 3 18 15 23 10 18 5 12 3 4 31 55 4 11 19 25 8 27 13 14 5 1 0
1 31 55 11 19 11 13 6 25 18 8 3 8 25 70 5 22 11 19 19 32 12 6 3 0 1
1 27 52 8 14 24 32 12 28 10 12 6 7 28 62 9 25 13 17 6 13 11 10 5 2 1
-1 29 56 7 20 13 16 4 19 11 10 11 6 27 64 7 22 9 13 12 29 19 13 4 3 1
1 19 58 7 22 12 19 8 15 11 14 0 3 28 58 7 19 16 27 11 31 15 9 7 7 0
1 30 62 11 26 14 19 10 26 20 11 5 6 28 70 7 24 9 13 15 23 16 13 6 2 1
1 24 55 4 12 6 15 5 21 14 8 13 10 19 53 6 13 13 17 14 39 14 20 2 1 1
1 26 57 8 16 21 32 9 24 11 7 7 8 25 66 10 27 10 19 20 35 14 13 3 7 1
-1 23 59 12 24 9 17 12 25 15 13 8 7 19 55 6 21 7 18 12 28 12 14 8 5 1
1 25 57 6 22 12 13 5 10 16 12 1 2 37 66 11 32 20 26 11 24 22 3 8 6 0
0 18 58 6 21 15 23 10 17 7 12 3 4 25 62 6 12 18 24 15 27 15 15 9 4 0
