1 42 69 16 31 13 16 16 29 30 9 12 4 18 52 1 12 7 11 7 3 7 16 6 1 1
1 40 62 9 22 20 28 12 26 22 12 12 4 22 53 2 14 13 17 5 6 9 17 4 1 1
0 27 50 7 14 20 26 4 18 15 8 6 5 30 60 5 20 6 10 12 29 15 13 2 0 1
0 25 64 7 23 17 26 13 24 14 9 9 5 22 59 1 12 9 13 10 21 6 17 5 6 1
0 22 56 9 25 17 29 15 22 16 9 9 3 22 61 3 14 12 14 12 20 5 12 6 1 1
1 38 66 11 29 6 10 13 26 24 7 5 4 19 56 6 18 10 12 9 12 10 14 2 3 1
1 31 60 4 19 27 37 16 25 20 10 9 4 26 57 7 16 14 18 5 8 14 14 4 0 1
-1 30 46 7 12 13 18 3 25 11 10 6 1 22 54 9 21 17 21 8 22 11 8 2 2 1
1 29 56 3 16 14 27 13 25 14 17 12 5 25 59 5 19 7 8 6 13 11 19 9 0 1
0 18 48 5 19 25 34 12 25 10 17 7 5 23 54 3 12 7 13 8 16 5 13 7 4 1
1 29 52 6 15 22 30 10 22 18 13 6 2 29 61 5 15 6 10 7 15 10 13 4 1 1
1 29 52 8 16 18 25 7 27 13 8 10 2 21 55 5 17 8 11 10 22 9 13 4 1 1
1 27 57 9 21 22 29 16 23 15 11 4 10 26 65 3 13 7 10 16 15 10 11 6 2 1
-1 26 59 8 18 13 17 9 28 12 14 5 4 28 61 2 13 7 10 4 21 16 11 8 4 1
1 24 65 7 27 20 26 12 26 12 10 8 4 33 60 10 16 11 18 7 25 18 10 3 10 0
-1 29 66 6 21 10 20 16 33 12 15 4 1 29 56 10 20 22 30 6 25 14 11 12 3 0
-1 21 43 4 15 17 23 4 26 13 10 6 1 18 61 4 25 12 16 18 34 7 10 4 4 1
1 24 52 11 23 20 25 9 23 13 8 7 4 27 60 3 10 8 12 9 18 16 11 5 2 1
-1 26 54 7 19 18 27 13 24 14 16 5 1 27 61 4 15 10 16 9 16 13 9 10 4 1
1 28 61 7 16 10 20 12 31 12 10 7 2 29 56 8 18 11 16 6 25 17 11 6 5 0
-1 28 55 6 17 7 13 10 22 12 8 4 4 26 63 3 13 8 10 12 20 11 7 4 1 1
1 26 57 5 18 15 24 12 24 13 9 9 4 26 56 8 11 6 12 7 17 11 14 7 3 1
1 31 51 9 15 19 26 10 28 18 9 5 5 23 58 8 24 6 17 11 14 12 9 3 4 1
-1 23 51 7 20 20 26 11 20 14 10 3 6 24 53 7 14 15 21 9 15 14 13 5 4 1
-1 27 57 7 15 19 22 10 27 19 15 5 2 29 67 8 22 6 13 11 19 15 9 8 9 1
1 33 65 10 16 16 31 13 30 18 16 6 7 38 83 2 10 12 20 17 33 21 11 9 4 1
1 30 58 7 20 11 13 4 25 15 11 10 0 22 53 4 18 8 12 7 24 10 14 7 5 1
-1 35 59 10 23 11 22 12 17 18 9 7 4 31 58 12 22 12 15 8 12 18 11 2 3 1
1 28 58 8 23 9 16 16 24 18 17 7 6 19 62 3 20 13 17 16 18 10 14 12 2 1
1 34 59 13 25 13 16 9 27 22 12 12 2 22 53 5 18 2 9 6 12 9 19 7 2 1
-1 27 59 9 25 21 26 12 18 11 10 7 3 28 58 8 16 13 13 10 19 16 15 5 6 1
0 30 53 5 13 12 13 5 17 14 5 7 6 20 56 5 18 8 13 16 26 12 9 3 3 1
0 27 60 3 17 7 14 10 25 10 12 6 4 25 50 2 8 22 25 6 20 13 10 7 4 0
